9.804347831931425807e-04
9.804347830443165338e-04
9.804347831931425807e-04
3.615384673829305149e-05
2.293612193912737655e-05
2.287732744253316206e-05
2.127162624181360435e-05
2.525013658659643425e-05
2.138785122729703415e-05
2.165380472857197794e-05
4.794065323503305358e-05
2.849797291465569450e-05
3.141449901351145565e-05
2.335320215379803967e-05
2.161478499357201682e-05
2.321073219002799492e-05
4.721132608032169246e-05
2.706748544661959907e-05
3.320208532031619257e-05
2.138829768915025627e-05
2.503968110015144927e-05
2.212370687492437276e-05
2.249289555517152873e-05
2.336309321877423867e-05
2.336539689570247514e-05
2.190771395519878955e-05
2.314306243240218952e-05
2.133324405834422370e-05
2.138370553562390350e-05
2.919734347940646212e-05
2.412494353515988604e-05
2.830164669697925414e-05
2.121175937310811681e-05
3.471208249241367278e-05
3.256910115506423694e-05
3.357027605090382778e-05
2.667296531907762752e-05
2.416102991353160040e-05
2.172522990447409960e-05
2.161439616188401191e-05
2.165533116938738616e-05
2.591015923087776863e-05
2.291863622273726398e-05
2.127603879423733101e-05
2.403394748922930895e-05
2.350962516431537704e-05
2.379398320341413189e-05
2.583743667783800369e-05
2.732470152735484118e-05
2.332980447651442635e-05
2.331414596573192698e-05
3.512931015242196943e-05
2.254634249890611204e-05
2.208868832928661421e-05
2.134934275225663231e-05
2.191096110046525727e-05
2.966003733941852810e-05
2.374785899604091847e-05
2.458119229944287661e-05
2.349446703622447174e-05
2.219092878799829941e-05
2.978085580734358373e-05
2.684658563241017415e-05
2.589859750115497975e-05
2.522648688439404065e-05
2.485414123568194575e-05
3.491953943713690234e-05
2.464168483022225481e-05
2.284950440567324649e-05
2.315336189443476862e-05
2.462904234124940056e-05
2.209102153578431079e-05
4.059026846071156307e-05
3.378179302139753274e-05
2.273545773822123659e-05
2.502108676043644417e-05
2.123701783204860234e-05
2.141944854596340223e-05
2.155579524305814134e-05
2.433743418761899192e-05
2.662583049902655097e-05
2.649767295212131178e-05
2.858573653937336392e-05
2.510537879102178743e-05
2.351796235183064231e-05
2.991252623255331896e-05
2.483992388855603585e-05
2.230893067700435225e-05
2.841455936788389700e-05
2.223313165884691273e-05
3.397692792887170235e-05
2.639640209061174835e-05
2.398525200834954012e-05
2.188424531882128982e-05
2.191070009721819649e-05
3.345656742196791161e-05
2.295154536331047473e-05
2.309271736876085528e-05
2.236340686546548173e-05
2.233541279577178296e-05
2.541585244163071069e-05
2.935943348313062781e-05
2.290334429882022194e-05
3.368765001846958315e-05
2.167525968972808370e-05
2.239785664767155002e-05
3.029530814320484462e-05
2.670584501938963527e-05
2.172778289578208505e-05
2.235761771250765640e-05
2.882472935261620555e-05
2.127578812772509186e-05
2.412421494429837094e-05
2.131345034134687303e-05
2.311469873732101355e-05
2.125642001017982833e-05
4.018758174690572054e-05
2.159214229359200860e-05
2.424917401818567581e-05
2.456579104155120111e-05
2.138554254461628150e-05
2.593407160015619278e-05
2.552583423650063346e-05
2.678457099026799971e-05
2.259874362346479630e-05
2.979630832970753393e-05
2.513250555366578024e-05
2.276405574538493260e-05
2.215848019396521537e-05
2.244438685992007225e-05
2.310502974487944146e-05
2.525199139768166399e-05
2.459864077852193552e-05
2.201781382455763957e-05
2.292695851512366046e-05
2.605519075611794334e-05
2.578639849991568316e-05
3.220126655751502572e-05
2.126528047979211593e-05
2.260557552636640992e-05
2.353499132638784205e-05
2.483123718164718954e-05
2.324523856237594089e-05
2.313444076118460903e-05
2.560342211929846119e-05
2.183277449755013574e-05
2.161984331265873633e-05
2.454776475527453946e-05
2.512981545008671021e-05
2.133202200528473198e-05
2.135671191217461756e-05
3.391841970239818432e-05
2.272406066729260878e-05
2.348837360576254410e-05
2.158653548994034994e-05
2.286807489586369297e-05
2.221611178884984317e-05
2.633444733271496694e-05
2.762303786049362980e-05
2.210107198177646318e-05
2.156266362708739317e-05
2.238601322048094927e-05
2.203362745892269725e-05
2.255766652612277483e-05
2.176070257651518990e-05
2.213284589408103217e-05
2.464978497107990453e-05
2.375433130362647011e-05
2.465904971150131915e-05
2.383927015927346843e-05
2.485789270985030267e-05
2.166090402670045262e-05
3.116630227040931094e-05
2.133521461080281755e-05
2.124966291916499596e-05
2.342239379714385397e-05
2.164133849933827850e-05
2.356129386710843624e-05
2.297616704742000968e-05
2.494556993582464541e-05
2.972001569851405586e-05
2.844400785878172441e-05
2.163187131127169529e-05
2.125646989352182614e-05
2.173144232458005558e-05
2.569166204853996782e-05
3.287781619187609263e-05
2.529558416908370228e-05
2.632535760290071082e-05
2.219460568549055685e-05
2.539323472960559078e-05
2.580881163944479870e-05
2.293798905247994508e-05
2.192517099459865597e-05
2.306595161217089580e-05
2.144411932965979413e-05
2.139070485490508102e-05
2.510264656514285406e-05
2.837231118780427668e-05
2.357420790039219216e-05
2.172660288078238393e-05
2.125436081615947545e-05
2.538380902976226147e-05
2.917970527016809217e-05
2.276995684430819489e-05
2.154348998740120548e-05
2.158275542339961324e-05
2.925643993039285447e-05
2.690313742328769801e-05
2.210626880312990608e-05
2.175164643041124668e-05
2.248234386383456829e-05
3.135652260988925217e-05
2.308526041079722829e-05
2.390945291792583130e-05
2.354904705247273859e-05
2.413198799715570320e-05
2.693911172590140589e-05
2.807165503746216780e-05
2.139529371052193853e-05
2.874172439081734465e-05
3.182921854210742139e-05
2.223677234503780754e-05
2.904354851745876868e-05
2.401098471870684306e-05
2.146856383025109533e-05
2.215469865071943570e-05
2.755755979441164177e-05
2.156430075162720780e-05
2.333732174863860679e-05
2.211383845672684203e-05
2.385535497488415401e-05
2.698779440289336226e-05
2.246701728724981789e-05
2.262290623878873488e-05
2.278777281661972342e-05
2.179623297250886474e-05
2.288306329451338960e-05
2.476062936645914242e-05
2.362765358210489267e-05
2.244022168431757911e-05
2.361294987153935487e-05
3.424805269096833660e-05
2.495036386807201879e-05
2.174962763345066882e-05
3.028873482454857275e-05
2.170582346278951641e-05
2.203430776959029960e-05
2.138251427858361265e-05
2.423570060347621851e-05
2.183461182216793871e-05
4.038741720118429638e-05
2.296149080732497741e-05
2.395611351034697450e-05
2.272143040620553024e-05
2.323484824786911602e-05
2.541128219806540293e-05
2.666680321064967914e-05
2.646094574752195719e-05
2.832429835524606908e-05
2.367143452312898960e-05
3.214742793274273777e-05
2.245341282213429216e-05
2.171908571333225490e-05
2.315986114247689292e-05
2.218910146738359857e-05
2.575291493591151844e-05
2.345663419666206125e-05
2.771464218025532523e-05
2.943208309342653043e-05
2.410571716283861309e-05
2.406137975560285121e-05
2.196703518500477299e-05
2.181328750225139916e-05
2.640044522054170957e-05
2.156911228877883026e-05
2.365854151280141976e-05
2.142795880770784748e-05
3.036716401858614013e-05
2.443103212744359595e-05
2.462280119780810243e-05
2.401982142917358383e-05
2.135564183724837311e-05
3.121214109576573919e-05
2.209461347516955486e-05
3.463500872552447666e-05
2.655896161195276715e-05
2.471274949537714843e-05
2.606356968025303492e-05
2.462964707684850820e-05
2.386261496013114365e-05
2.855587324063564483e-05
2.467840658069179601e-05
2.154087069649444393e-05
2.483064195713911707e-05
2.143974810051842514e-05
2.838739380949248039e-05
2.824538555629039374e-05
2.606250350533501618e-05
2.858569398903840095e-05
2.811923467683977564e-05
2.123704271064724101e-05
3.076856420504560607e-05
2.549114496977095303e-05
2.319661738560817540e-05
3.224642575674239808e-05
2.138251423700571972e-05
2.201285879280928513e-05
2.580399721634575784e-05
2.673843660150140262e-05
2.256208058754218191e-05
2.442175178573396550e-05
2.132877965441421004e-05
2.716055904302175882e-05
2.254867540015485913e-05
2.283456157139024536e-05
2.906869917420294974e-05
2.179034287752536285e-05
2.572278446032148498e-05
2.510490524686452476e-05
3.030457364748733378e-05
2.421924314885951605e-05
2.746213315870135962e-05
2.615868943168995602e-05
2.505812088744436525e-05
2.299557814513715785e-05
2.810625479702145532e-05
3.464837184668850215e-05
2.326972960417728948e-05
2.389767037872293312e-05
2.468234194867571980e-05
2.389967461142961127e-05
2.275394283427150212e-05
2.803666218429633580e-05
2.796327956941666853e-05
3.693074081234101009e-05
2.794113277474716237e-05
2.213905060860514565e-05
3.675857356038940530e-05
2.429267355685135339e-05
2.549480417222917719e-05
2.170415797972840408e-05
2.529348381516061990e-05
2.143080174882861237e-05
2.304280501602047897e-05
2.555086282167798735e-05
2.368619063405116420e-05
2.650795602343193722e-05
3.852221256284180069e-05
2.145557119691029037e-05
2.285973269458557513e-05
2.325891639214580777e-05
2.416724996606676380e-05
2.566936149411687160e-05
2.559370957883683729e-05
2.533715165581039869e-05
2.403485976840444448e-05
3.848933190189116727e-05
2.576817060857554040e-05
2.306391169916672206e-05
2.372533171821884256e-05
2.680062983018533133e-05
2.737151481709834759e-05
2.733447148895020378e-05
2.214369596245494460e-05
2.199541700653418429e-05
3.287186540404226162e-05
2.260379013873240728e-05
2.138725577653036446e-05
2.475250567317601038e-05
2.337092422950948846e-05
2.464185493647281922e-05
2.144644026191317311e-05
2.297281345347621217e-05
4.029330094480540058e-05
3.001538816664618478e-05
3.741511259252045115e-05
2.759704990474533138e-05
2.276451822072851009e-05
2.141266590524987755e-05
2.736908677569396586e-05
2.381880665983533821e-05
2.467846288586753121e-05
2.975750905042087174e-05
2.496911666154966395e-05
3.145065743380539907e-05
2.423359359999285276e-05
2.485510706737671172e-05
2.435970648379345876e-05
2.965172437349830907e-05
2.899754058302462338e-05
3.758319302711621865e-05
2.175878192717971681e-05
2.398352010140009259e-05
2.312247966393912886e-05
2.406462422767208746e-05
2.228931676266673162e-05
2.363162925205987999e-05
2.154052841777076601e-05
2.206292140194488828e-05
2.771237888260239061e-05
2.149588077085221066e-05
2.303178550301500932e-05
2.877533406977608911e-05
2.155198066077877248e-05
3.223703904413209354e-05
2.530372851489110785e-05
2.910060667004981438e-05
2.173076823599355147e-05
2.382524165735272145e-05
2.267601093372833312e-05
3.053026770633178715e-05
2.285588719302731979e-05
2.230437373269439789e-05
2.212051891737451236e-05
2.563506976449104660e-05
2.155327662676319837e-05
3.723739158257826222e-05
2.455522180429949377e-05
2.692877106642050132e-05
2.145369653371340007e-05
3.158454522477998467e-05
2.880388404138691752e-05
3.408652154465477245e-05
2.324860171416018889e-05
2.298432019200695740e-05
2.400740852713457153e-05
2.947315160395379047e-05
2.384798927298745262e-05
2.611749431676234866e-05
2.325101178334530049e-05
2.234539056737261969e-05
3.470324025749455275e-05
2.147248130127141103e-05
2.598266921102588498e-05
2.383735664002914988e-05
2.715703324322914759e-05
2.240346727853558993e-05
2.549365488017210204e-05
2.688278966976743984e-05
2.201682802256232406e-05
2.347474558836038170e-05
2.206357654719849086e-05
3.650926012364843663e-05
2.142461940336674918e-05
2.427498845545069081e-05
3.472196509409685778e-05
2.150359626270095071e-05
2.167784845971192518e-05
2.141078355547209954e-05
2.229314593008197460e-05
2.127734216945174846e-05
2.764668830446802706e-05
2.201137939144740297e-05
2.346160090439308244e-05
2.644166446610458495e-05
3.905464024925747621e-05
2.509543069312690391e-05
3.260220884314436084e-05
2.349506826065038515e-05
2.568903281596410237e-05
2.511666582675237694e-05
2.546715265236625754e-05
2.472718490148289724e-05
2.200874754853553487e-05
2.919229044864437786e-05
2.418395218115971325e-05
2.238005285999600193e-05
2.242130342107741158e-05
2.419249113471960897e-05
2.268962645570073546e-05
2.222326393779625443e-05
2.823987149291085175e-05
2.449350922115040900e-05
2.151297590071391487e-05
2.380061308984587163e-05
2.654542005540497365e-05
2.616115848847132524e-05
2.526361892319243653e-05
2.130990291931143029e-05
2.233365358281061869e-05
2.155154040606130789e-05
2.406513868111190006e-05
2.394093920381937626e-05
3.117826000280575586e-05
2.519845530837435500e-05
2.667519591973940059e-05
2.313681020456546933e-05
2.211679509570509843e-05
2.664227329814025614e-05
2.129687496848151198e-05
2.319030761940395883e-05
2.328063808985630703e-05
2.209146451613809833e-05
2.395246191779213635e-05
2.563454544188702215e-05
2.247857582636968710e-05
2.807368583302660445e-05
2.716922995577440345e-05
2.689846250259194535e-05
2.433780232482186983e-05
2.563746437889010026e-05
3.815787059366464444e-05
2.233392816861987169e-05
2.757270917631760148e-05
2.140981785474152922e-05
2.708669668404000498e-05
3.225300041383231649e-05
2.268827436267729862e-05
2.152524051421455384e-05
2.230861014636386028e-05
2.572073465506034528e-05
2.775490079301859897e-05
3.113495555290483847e-05
2.227265465162837408e-05
3.086711848564981369e-05
3.378973170977227886e-05
2.376501659254336268e-05
2.720891248341808375e-05
2.135698526862936174e-05
2.206736401022438531e-05
2.513973695872779831e-05
2.761780233117864790e-05
2.550340711601734346e-05
2.383094762813737133e-05
2.377591475943436732e-05
3.698067466537060968e-05
2.146494120723005348e-05
2.829997859820638695e-05
2.499745149842311920e-05
2.725861344144799419e-05
3.544940204693451430e-05
2.463121666658525896e-05
2.287056331775415394e-05
2.860691477817601651e-05
2.401275234561242103e-05
2.597393171391563138e-05
2.143206252980257143e-05
3.032462773586517351e-05
2.397868071098103120e-05
4.034458667278144621e-05
2.225787829084793142e-05
3.298782613337748125e-05
2.162198221059558390e-05
2.125923168816942381e-05
2.484232287285879665e-05
3.550519834047141329e-05
3.328321107766206926e-05
2.646207951355510134e-05
2.847978512663352653e-05
2.153278887458825251e-05
2.471723787833456090e-05
2.205995130293893292e-05
3.310610294436585916e-05
2.273834891841347770e-05
2.788669968732509759e-05
3.278864384408278307e-05
2.429451790812453695e-05
2.159418930312907736e-05
2.221961920061765137e-05
2.541974593443964217e-05
2.335559184838735549e-05
2.197351854569749141e-05
2.204194786721090012e-05
5.667110238100102945e-05
2.450246930721151448e-05
2.208324985012267573e-05
2.331124366666311785e-05
2.181214017143371227e-05
2.499131580375077671e-05
2.188008797133558984e-05
2.922245870126376622e-05
2.352523978412475523e-05
3.383748103571457895e-05
2.269806688789163373e-05
2.648160987696771365e-05
2.442238562644094026e-05
2.401034912074035232e-05
2.415682956274877965e-05
2.898675846758728969e-05
2.555482103033147613e-05
2.606670049271408722e-05
2.168275745132162527e-05
2.951594365488201279e-05
2.512350642797410040e-05
3.358177681932386215e-05
2.452260143022368441e-05
2.506300065370653405e-05
2.373086099962839316e-05
2.246557166640596767e-05
2.318837358508275934e-05
3.046247393037029085e-05
2.615366434143990754e-05
2.614229694356255440e-05
2.243721040704219435e-05
2.354023574348882876e-05
2.800581087550859519e-05
2.198072845638092277e-05
2.257580615198062941e-05
2.318354825407110075e-05
2.241281990251228588e-05
2.716916803029895109e-05
2.171190162688768903e-05
3.023300966641533262e-05
3.321759386667418382e-05
2.212898613950319181e-05
2.567605557752195759e-05
2.875136676892756234e-05
2.552698014003817163e-05
2.222734560524130352e-05
3.462354617047636897e-05
3.033296149409033969e-05
2.740358515049708235e-05
2.690148361190932693e-05
2.387676165888973979e-05
2.200345950139990104e-05
2.584084483705495540e-05
2.833687956668154082e-05
3.121292088916154914e-05
2.559484953006161236e-05
2.708826542777849651e-05
2.426926922389286478e-05
3.743414639173313482e-05
2.432827790284016961e-05
2.307856986310989833e-05
2.523647840691291467e-05
2.158731573344353205e-05
2.575073112376285918e-05
2.480577504946751747e-05
3.136777284232025736e-05
2.134772396105429033e-05
2.203132969217919322e-05
2.575275848276596099e-05
2.268922761479526650e-05
2.782931908642550243e-05
2.232247646419057850e-05
2.182671225824564629e-05
2.157399602978948757e-05
2.161232813916767552e-05
3.099195811256455550e-05
2.866817454737108123e-05
2.157306780792011153e-05
2.640961612426660023e-05
2.597367614456381042e-05
2.433304078192752333e-05
2.164526886150761552e-05
2.595625169463614153e-05
2.590130460966636651e-05
2.237952967152850064e-05
2.268437242648869116e-05
2.375996896102700246e-05
2.217424108021274351e-05
2.613593699841113168e-05
2.560350947063120175e-05
2.735248211557580610e-05
2.814531953504423285e-05
2.143191420996846860e-05
2.232789541348947018e-05
2.995133318815208177e-05
2.323097390535864784e-05
2.502070128330799610e-05
2.583390709725081314e-05
2.146725784885780789e-05
2.154442005665582949e-05
2.502123294683166789e-05
2.798062859295077901e-05
2.367490618614433219e-05
2.466728981385388409e-05
2.572674291583336483e-05
2.146240248740496892e-05
2.449643293595910000e-05
2.272114358355716837e-05
2.376983875586781227e-05
2.296904816441463918e-05
2.187336102572068702e-05
3.217586395674716334e-05
2.186444168833773561e-05
2.152587763995228093e-05
2.346949357650193047e-05
2.311300911486555360e-05
2.291126441919224865e-05
2.796034952074850506e-05
2.183105639441297862e-05
2.501628212159492072e-05
2.295291090713976969e-05
2.775204579428451021e-05
2.121619565872680802e-05
2.201368130087856816e-05
2.128743817606081198e-05
2.285164695692631985e-05
2.228121841081545713e-05
2.270462042010417851e-05
2.328388536542540040e-05
2.336753258709302713e-05
2.831219370067614084e-05
2.406027175899162242e-05
2.276942815295500308e-05
2.213842302997822488e-05
2.138514537896603652e-05
3.263923889536851115e-05
2.298025526739121960e-05
2.284180585561464708e-05
2.894061044567196821e-05
2.153746715846036720e-05
2.238355664714223827e-05
2.365531121530583823e-05
2.365210012762801418e-05
2.604338240880636361e-05
2.492214642380046239e-05
2.428185135709189378e-05
2.130957736244845472e-05
2.165188916783163849e-05
3.137060146085669820e-05
2.168536823249629005e-05
2.199155888898640080e-05
2.261581644759224502e-05
2.182735682244907641e-05
2.791875820698416891e-05
2.261340762138793918e-05
2.424490512652270309e-05
2.533351968761699208e-05
2.421091849048456350e-05
2.923670448314840125e-05
2.956016557431305762e-05
2.148432249987132739e-05
2.986570636899991605e-05
2.499298755129458925e-05
2.346301365464122199e-05
2.211807573053490119e-05
2.246934345815775232e-05
2.334781290548030750e-05
2.440915528434885561e-05
2.402645018296816731e-05
2.538846075312213319e-05
2.343181222300582233e-05
2.165399812374265115e-05
2.518396341461272780e-05
2.451066013649319598e-05
2.382088478617654765e-05
2.464532944038509276e-05
2.122070575248634903e-05
3.377928045680672744e-05
3.462087106639294269e-05
2.255663517616981811e-05
2.189813270204536271e-05
2.181816237146870795e-05
3.013232428447443152e-05
2.220828594593104484e-05
2.152690740687727844e-05
2.349852790049278384e-05
2.283889526204150287e-05
2.856095624379969693e-05
2.576408513185130190e-05
3.298001571407474834e-05
3.466448892538213325e-05
2.350981141707484892e-05
2.659470622730021507e-05
2.289528821435945263e-05
2.731475528786562944e-05
2.783964645972808357e-05
2.486700678585492268e-05
2.280854694761394851e-05
2.572076939280980269e-05
2.227908344347030831e-05
2.888148169983393798e-05
2.199965093768671486e-05
2.469064216112125057e-05
2.448205623631896703e-05
3.137631595718222383e-05
2.163235702056621963e-05
2.148442064501900647e-05
3.064307650908305663e-05
2.481691948957575816e-05
2.192100419601896870e-05
2.434774430952610778e-05
2.541471486671252527e-05
2.218440462364845633e-05
2.899196527591126591e-05
2.559967105809043318e-05
3.186192706676471698e-05
2.424133707944638026e-05
2.245732388702244896e-05
2.188065845073932703e-05
3.159896082805099728e-05
2.182907548241089371e-05
2.152717684637541642e-05
2.151268126918220484e-05
2.250287470870558892e-05
2.400623587365796060e-05
2.163337655267925003e-05
2.220694636070757614e-05
2.512457942847732116e-05
2.204761636147656783e-05
2.289352413161507534e-05
2.859744158692083564e-05
2.672141772103678060e-05
2.364628974229821185e-05
2.507310139759665721e-05
2.286654665896460366e-05
2.368319226101524774e-05
2.132501191261950801e-05
3.150778531406913990e-05
2.290671752268632732e-05
2.171886881076207369e-05
2.392276572264040419e-05
2.285527529376000074e-05
2.625950354736486045e-05
2.742707695055514707e-05
2.376274627751150158e-05
2.142944220008045453e-05
2.322815645283762899e-05
2.643485268373086866e-05
2.126211872430454122e-05
2.734802005140188043e-05
3.306782327951510430e-05
2.394417548726721426e-05
2.257902810210859367e-05
2.452708145415134365e-05
2.513630365198601667e-05
2.457304807599483516e-05
3.141686449472528891e-05
2.905715219596337857e-05
2.298583309817314095e-05
2.145485579663630336e-05
2.853843727211540814e-05
4.038041236474508919e-05
2.371428613617760142e-05
2.444013263256188164e-05
2.996403326802509054e-05
3.183804567754277821e-05
2.434196145792632486e-05
2.674258771758363429e-05
2.373108450801913343e-05
2.920065202562894879e-05
2.266595512385338767e-05
2.188735660799064368e-05
2.162380561907933365e-05
2.191735729908469461e-05
2.881620402893414533e-05
2.386538959995254222e-05
2.493964878940266750e-05
3.624862871484062205e-05
2.503416939703061411e-05
2.497864829428531719e-05
2.121251616021421288e-05
2.459862221550906686e-05
2.164432278776072473e-05
2.410956082417573025e-05
2.216216708076125666e-05
2.428070495207872796e-05
2.231909149629193834e-05
2.151101225379245760e-05
2.159185026903776477e-05
2.226160317267583032e-05
2.138638647494947034e-05
2.344746434197973728e-05
2.611447690488737425e-05
2.775327142716510335e-05
2.513068841344838283e-05
2.449268791656823452e-05
2.392678632557463777e-05
2.507618675968859424e-05
3.969506002223996410e-05
2.461606516544171693e-05
2.185475333507657197e-05
2.244187416078851196e-05
3.093734333561600598e-05
2.366348782600552624e-05
2.328165057711747667e-05
2.144029164976164105e-05
2.419092440345952430e-05
2.791598108576101160e-05
2.627088794321566677e-05
2.282222978761242976e-05
2.239478948306123068e-05
2.129272053939409938e-05
2.233148347635617923e-05
3.258317489136293720e-05
2.135297795396879766e-05
2.849173307797229040e-05
2.188685790865430735e-05
2.479579549499681527e-05
2.309623021657432345e-05
3.619666163361207815e-05
2.128631128265218728e-05
2.185772985335257719e-05
2.327496326505271168e-05
2.171983279050771718e-05
2.149465170170014751e-05
2.142815659842791891e-05
2.872152586646719777e-05
2.206981840102856127e-05
2.777250873340993926e-05
3.896521252808080418e-05
2.122070575248634225e-05
2.127892105499260575e-05
2.318682203815120404e-05
2.321756107204032098e-05
2.297149378276423367e-05
3.473051322490737757e-05
2.567481772169236603e-05
2.289859840192876405e-05
3.761557551806037802e-05
2.922476430772536209e-05
2.138556770443323662e-05
2.364522612037252264e-05
2.400369213458121949e-05
2.266142424606419796e-05
2.352517777896028056e-05
2.259925695849814486e-05
2.529079169231438740e-05
2.688893405288226150e-05
2.587268049720263351e-05
3.671876019276952211e-05
2.514832636239864756e-05
2.340570716191938167e-05
2.413277487049442764e-05
2.884042318323017608e-05
2.399106317859434247e-05
2.151334408265141487e-05
2.548790965224634875e-05
2.259045500662051136e-05
2.127814468637495029e-05
2.229523203636909478e-05
2.773310955254816541e-05
2.341653513970388592e-05
2.291028584474855579e-05
2.524992047475417591e-05
2.474321539288095709e-05
2.715828123963500102e-05
2.178277227048282195e-05
2.314252909308037951e-05
2.862564435264565335e-05
2.130757835808429543e-05
2.348248472394198768e-05
3.514636627006531485e-05
2.434789859789035122e-05
2.126106457409586556e-05
2.188868670405852003e-05
2.561065783916437470e-05
2.140677044383273271e-05
2.718115130747077708e-05
2.198939340174948609e-05
2.444458458264730586e-05
2.728628016371863641e-05
2.161950260506536583e-05
3.309384232781320897e-05
2.393352496130012058e-05
2.149998516609675039e-05
2.342881213210816569e-05
2.845800495890441910e-05
2.207119730549797531e-05
2.255768860100188346e-05
2.749203033303769062e-05
2.334949116061731415e-05
2.373856048398354749e-05
2.233525313682309632e-05
2.284690260554037968e-05
2.151074189534560530e-05
2.141026324861363249e-05
3.331116326123728622e-05
2.643546160706730498e-05
2.301862194123098081e-05
3.452675871894922058e-05
2.900042919624053260e-05
2.350751410011661752e-05
2.275563993970959636e-05
2.293449388409973539e-05
2.213944528424689962e-05
2.312707347780830773e-05
2.157152999047685647e-05
2.929617879683220366e-05
3.776744728954962971e-05
3.568103056118003731e-05
2.341695260933498537e-05
3.130412860544696759e-05
2.690041862545040563e-05
2.311377901017986361e-05
2.494149367780845887e-05
2.337123861197532576e-05
2.165334366216173422e-05
2.948543434017404945e-05
2.979039371922269177e-05
2.568753565982130176e-05
2.164289167338895466e-05
2.239090208092505498e-05
2.366704341834474442e-05
3.776465379804453169e-05
2.235761751769202332e-05
2.433801469847496728e-05
2.301038464067610607e-05
2.659465743769855333e-05
2.326514765176223434e-05
2.623869332118572960e-05
2.319183727478823354e-05
2.158380476469642440e-05
2.212498635391675633e-05
2.304080461587157321e-05
2.586770051410981492e-05
2.120959155121112522e-05
2.811396266642613760e-05
2.587443162976360469e-05
2.292333055654382804e-05
3.088852858771543410e-05
2.690467909225455209e-05
2.873738857427411572e-05
2.635759151000928663e-05
3.393087548184605816e-05
2.282422425017985096e-05
2.245985567344493066e-05
2.220699260028461026e-05
2.965432985361341508e-05
2.900212720065390785e-05
2.703084026526082377e-05
2.313158024330132283e-05
3.201055920772264248e-05
2.227860168303453088e-05
2.156000003796600578e-05
2.296099262354930518e-05
2.139469827937258577e-05
2.378354644046366088e-05
2.617950681865880929e-05
2.584593873197880856e-05
2.306893621539652501e-05
2.940761827346622217e-05
2.836133586082417989e-05
2.524078643945232010e-05
2.620164939188346988e-05
2.213874869214424497e-05
2.165118609534602860e-05
2.415072171379054110e-05
2.408312391126416998e-05
2.253264978464319978e-05
2.226328060593197065e-05
2.126121473745493147e-05
2.677929402624410274e-05
2.332083221836354502e-05
4.474903911868020672e-05
2.567248190310186286e-05
2.584435554518011842e-05
2.492800177956874686e-05
3.576050382861151796e-05
2.442021391482126775e-05
2.356374630803666898e-05
2.153004489175120388e-05
2.722176237925215154e-05
2.319400422906485411e-05
2.244506526891584786e-05
3.358035252835009918e-05
2.927939887969269195e-05
2.524136352754975212e-05
2.361024041924896828e-05
2.569112224470832895e-05
2.400353263865796571e-05
2.152913762939321669e-05
2.966610893911993558e-05
2.120744742621355681e-05
2.272817018349985392e-05
2.141264109671578157e-05
2.411373822354927408e-05
2.542438399511523853e-05
2.435651921021182058e-05
2.177068721301413855e-05
2.596037971881411300e-05
3.026335593943279927e-05
2.479588879369242440e-05
2.168954889002005999e-05
2.201595914868879897e-05
2.740658948727481812e-05
2.246663364907247357e-05
2.347572148539923064e-05
2.276359395437048112e-05
2.310455839984067026e-05
2.369008588710474212e-05
2.129700015377974592e-05
2.966091421168547078e-05
2.289602920832082295e-05
2.408612599627946280e-05
2.443145446752182978e-05
2.381824200893098323e-05
2.207285644636177181e-05
2.143258202344266970e-05
2.934959844071723491e-05
2.466527290550642602e-05
2.419254982383430716e-05
2.190233164278675103e-05
2.472401390054699945e-05
2.195448281174712884e-05
2.313619164161864760e-05
2.125262735181359403e-05
2.872126064629910126e-05
2.241704026467866842e-05
2.477686073267397582e-05
2.203123569326390313e-05
2.322631343772338499e-05
2.368078455860296000e-05
2.200761963594777414e-05
2.334802263568780596e-05
2.827361585627753685e-05
2.353817128226595566e-05
2.301152785199801250e-05
2.359522818380979919e-05
2.577744285501789613e-05
2.167547742670451573e-05
2.490376807105978551e-05
2.697356843011947952e-05
2.227472143720654824e-05
3.005262922397034471e-05
2.172082126211729786e-05
2.603646559518879634e-05
2.413596119776189553e-05
2.191806801943232348e-05
2.842185939316333349e-05
2.326185315443813129e-05
2.440070642465072334e-05
2.428264825209707118e-05
2.221200307476561448e-05
2.367076109776569855e-05
2.139301212042445235e-05
2.305228829095049464e-05
2.802939533958951441e-05
2.443613961054811928e-05
2.577133700880298602e-05
3.031998312660597522e-05
2.610157435658395027e-05
2.292845728283376565e-05
2.476597994674895799e-05
2.263522517425630516e-05
2.504755018133539892e-05
2.998955390986362163e-05
3.343060897687880864e-05
2.532195511502646036e-05
2.683829822820681167e-05
2.436412915676296122e-05
2.322953366946374054e-05
2.296205453094965262e-05
2.167702604769993242e-05
4.717451052855582434e-05
2.172364010120541008e-05
2.298371459003905801e-05
2.433890476279277894e-05
2.259427562222424997e-05
2.618116811028529413e-05
2.124013623367291577e-05
2.527728384549477223e-05
2.210519748190265950e-05
2.256089351028741673e-05
2.182112478539734377e-05
2.271068410000820988e-05
2.123777215515227035e-05
2.470202022706019163e-05
2.274468187889446829e-05
2.303350797227479984e-05
2.158043798368029570e-05
2.267536707660942007e-05
2.176725598152982698e-05
2.332518260040508703e-05
2.484862344573269855e-05
2.682632925342906649e-05
2.512797978995327382e-05
2.193368824831841863e-05
2.264626338662851314e-05
2.442132887103956457e-05
2.311303050151480379e-05
4.660523258966750191e-05
3.008276969165612491e-05
2.862846860358805276e-05
2.129657433858644604e-05
2.185346714508418385e-05
3.279056673023500945e-05
2.170073123381067377e-05
2.480103781925631416e-05
2.176524014569995567e-05
3.475138854407696461e-05
2.465650305621675513e-05
2.229679013230933041e-05
2.504782460654705604e-05
2.127082377226234978e-05
2.564029579936021058e-05
2.189089492543855981e-05
2.132897876298920498e-05
2.832701067980815445e-05
2.357291076170465056e-05
2.172997411277816367e-05
3.236877990128625123e-05
2.199141765667264722e-05
2.609308435317878535e-05
2.457076859782503019e-05
2.739309743209871527e-05
2.319496011403968582e-05
2.543733057147482338e-05
2.203932407098086279e-05
2.356403431115682782e-05
2.295351736508798122e-05
2.782438303204122108e-05
2.246855306362754808e-05
2.551064589527485065e-05
2.827227606096949052e-05
2.690114973280429274e-05
2.914855429032939068e-05
3.043552212618616792e-05
2.202795271393366466e-05
2.800626631453234945e-05
2.259438733452297004e-05
2.363814263843716363e-05
2.258267410439747348e-05
2.153908335482948637e-05
2.269443464617181347e-05
2.555561311068323718e-05
4.294939762159972021e-05
2.368647658176646888e-05
2.276458428715821133e-05
2.140183942279783630e-05
2.200338925317620316e-05
2.446325761496801279e-05
3.185170819983945380e-05
2.547986206548374360e-05
2.253303179636900717e-05
2.667516358683942219e-05
2.372557542535306155e-05
2.214478789152876662e-05
2.816169097867285266e-05
2.551939767304883941e-05
3.399578991700291083e-05
3.001943836975121303e-05
2.573849147855614906e-05
3.698209257744469909e-05
2.549326605252727338e-05
2.704294600445789786e-05
2.441602270498613003e-05
2.509530310333466359e-05
2.333007753200401225e-05
2.996030133829705920e-05
2.277774616547136209e-05
2.450483721862115266e-05
2.328044808073903777e-05
2.153915720243417038e-05
2.125827769089282143e-05
4.094304697139899003e-05
2.180247889453998936e-05
2.524539969487687953e-05
3.410663887884610239e-05
2.402244152366274878e-05
2.284090888332578016e-05
2.282880229996631959e-05
2.530681340823417839e-05
2.466140726844947423e-05
2.983578236491984628e-05
2.546458486836568176e-05
2.678444269940173390e-05
2.418052339169148702e-05
2.388252379953135655e-05
2.831799630065740206e-05
2.179608978347711363e-05
2.177725885425533712e-05
2.332913250842345691e-05
2.353691178880719265e-05
2.133414180826580280e-05
2.178416262476824585e-05
2.193163041046994425e-05
2.549683631166701101e-05
2.228546307193642192e-05
2.990902542547461339e-05
2.296220594597905913e-05
2.544549323846410118e-05
4.134424109069546513e-05
2.808049136217419034e-05
2.134401231069870910e-05
2.519192578522111116e-05
2.433269272972050335e-05
3.070076788633279482e-05
2.406608763594084524e-05
2.444466144068297518e-05
2.227150661585211778e-05
2.385901591173251280e-05
2.126570725758199541e-05
3.059875468823093587e-05
2.518271432325350581e-05
2.293099824009761366e-05
2.168614142482605544e-05
2.974904229407818835e-05
2.390508608873938732e-05
2.404042976044757962e-05
2.161320430043383074e-05
2.255959396808971445e-05
2.258444136259081230e-05
2.503085426882589783e-05
2.138725516046923440e-05
2.526115376840733356e-05
2.151734362047060309e-05
3.348995455719102601e-05
2.200740814001508891e-05
2.510388524626779323e-05
2.411082226888115602e-05
2.162606551925092281e-05
3.037340329852668372e-05
2.374877222463393257e-05
2.983269091612941173e-05
2.173702609362133519e-05
2.646102787613141579e-05
2.156928362452340981e-05
2.468367863173838041e-05
2.289537533637399098e-05
2.629222964726477159e-05
2.189379059229505555e-05
2.182721392653536030e-05
2.247042761646135455e-05
2.139613671315160248e-05
2.298129345396554679e-05
2.765067883842156906e-05
2.190918308575447656e-05
2.578178311300453358e-05
3.840066812869405140e-05
2.921114175952405008e-05
2.285868404502506776e-05
2.248983024751386052e-05
2.316214070991858001e-05
2.807635849250908545e-05
2.329067289912521317e-05
2.148395313923157372e-05
2.366786017045435710e-05
2.549699478424749088e-05
3.725103042056096732e-05
2.165588857837238989e-05
2.406875727731392289e-05
2.596532482526834679e-05
2.313570073056765114e-05
2.491902324013922702e-05
2.778408652845736637e-05
2.293725098283581318e-05
2.624871022335858236e-05
2.490273190698538301e-05
2.301036306959833701e-05
2.429618769075529803e-05
2.342837462638073886e-05
2.275971640521050809e-05
2.660364800397202397e-05
3.591721236806532801e-05
2.188296255634817000e-05
2.187053131447037175e-05
2.232990621609346412e-05
2.261862612136659241e-05
2.631939935924823302e-05
2.345274669248417876e-05
2.516211398988735072e-05
2.363593101343271260e-05
2.443969139108518587e-05
4.550970468346151351e-05
2.460614378921653053e-05
2.271325010327312474e-05
2.400669275222138817e-05
3.161955184942171967e-05
2.287139295132305629e-05
2.559037640687038479e-05
2.760537576098036287e-05
2.277244414266509461e-05
2.148525718589902378e-05
2.184934568851843657e-05
2.446806523430024129e-05
2.409863815765480072e-05
2.220033872761362990e-05
2.149440587178277470e-05
2.417456484661214682e-05
3.580710394777235068e-05
2.293369062822576287e-05
2.299503775102411450e-05
2.344654953238744515e-05
2.206696658347786743e-05
2.602839168365984302e-05
2.275647765799075018e-05
3.214742840994163882e-05
2.311762822180142885e-05
2.472037327383073648e-05
2.225152938311351837e-05
2.606873010785009498e-05
2.373683447795824490e-05
2.968247954406199297e-05
2.448354820100273605e-05
2.331071749338569740e-05
2.406420904416877737e-05
3.377194025136569776e-05
4.165751224108703554e-05
2.489525422707636635e-05
2.578726214353749068e-05
2.304674155588995888e-05
2.500602598855029845e-05
2.166456143504326309e-05
2.491486493832146824e-05
2.460315108814048783e-05
2.270034775300631215e-05
2.743435834544541424e-05
2.465761649162339066e-05
2.516267609010841848e-05
3.089450970125214469e-05
2.518052359494828851e-05
2.382594748640022022e-05
2.209286415964770064e-05
2.291056835639182607e-05
2.930216154807719039e-05
2.444847885832361652e-05
3.170112031135405311e-05
2.811777844106353721e-05
2.450273667437223360e-05
2.342247717394601371e-05
2.156713400994021818e-05
2.539093683144719163e-05
2.140582951914423037e-05
2.549141077016824986e-05
2.334023920505246731e-05
2.735048205839222797e-05
2.242465883364430477e-05
2.199412348685943341e-05
2.323774828105483310e-05
2.143480648344678877e-05
2.303275481217570674e-05
2.273832732457265363e-05
2.357324043287303603e-05
2.124820553648303312e-05
2.131789636722988444e-05
2.210288997027722160e-05
2.365510680570537930e-05
2.239401623952232324e-05
2.190330352263160607e-05
2.185222856482799719e-05
2.473243727510482747e-05
2.568934654764009625e-05
2.507196969309329296e-05
2.448802303286113405e-05
2.240294542224154168e-05
2.606752952289477683e-05
2.233792502290067423e-05
3.864060100387395607e-05
2.126349884852237184e-05
2.321450720573551261e-05
2.743304308303971597e-05
2.411657529026190131e-05
3.693283116005249085e-05
2.686976065053914070e-05
2.705856125243363179e-05
2.368980084893922345e-05
2.151972327696198561e-05
2.251041558642687080e-05
3.085641464492462800e-05
2.448182702500207867e-05
2.310196850599352438e-05
3.070965431010642857e-05
4.049673105483256216e-05
2.289324066309416831e-05
2.774543748078225859e-05
2.165962056652810341e-05
2.151233785750147003e-05
2.292204818520796169e-05
2.196696443723505967e-05
2.872134440056508522e-05
2.302217818010047297e-05
2.235711600649979564e-05
2.190994151919305703e-05
2.823922133470067441e-05
2.358647037720099313e-05
2.144866245959201295e-05
2.160541733299009304e-05
4.214240015750457535e-05
2.286427577216729873e-05
2.234045973539109626e-05
2.199162896994133568e-05
2.402615237453359080e-05
2.284493418362806776e-05
2.144310729373304585e-05
2.834487866440417022e-05
2.371198631971962751e-05
2.340067591995035048e-05
2.157253105730819805e-05
2.195072835845366017e-05
2.500009606546365330e-05
2.434627438355246631e-05
2.153805532862652341e-05
2.561848501664540806e-05
3.161978217143493095e-05
2.829868489442535903e-05
2.801106506603907395e-05
2.231858824127334100e-05
2.676621305470945508e-05
2.514937855753001495e-05
2.238887856870722278e-05
2.215527918600795445e-05
2.135205720540532450e-05
3.216760180343847508e-05
2.451252985392738770e-05
3.765296054144480926e-05
2.510536096773924100e-05
3.208047688886222592e-05
3.072860502576267941e-05
2.703609957858245052e-05
2.907376767339029430e-05
5.025696813546143499e-05
2.636073668802366184e-05
2.312696675015255880e-05
2.268601305476060029e-05
2.427531898254817679e-05
2.645317410670155518e-05
2.158304811884328072e-05
2.253453628831105285e-05
2.164716077214562829e-05
2.159443297006908256e-05
3.445780547779962461e-05
2.415669169424430128e-05
4.185449200650581133e-05
2.519778611425873023e-05
2.261164529708919844e-05
2.283346671046308535e-05
3.522198445310349588e-05
2.215715773501161442e-05
2.270304898465311827e-05
3.040381609759639550e-05
2.165777871789385117e-05
2.375362177839660698e-05
2.918211257522613838e-05
3.022819803119275830e-05
2.814344462382004940e-05
4.136284299566642434e-05
2.878653851828289606e-05
2.211144043188914275e-05
3.091970949449318547e-05
2.467592013646190371e-05
2.968038829467162739e-05
2.270433267247214842e-05
2.374723035884396038e-05
2.168971854375100405e-05
3.498869185762156517e-05
2.466284044826112817e-05
2.694878018603015705e-05
2.589201588006753016e-05
2.842639178645135667e-05
2.669350035638547825e-05
4.081292398036682237e-05
3.169861480230957377e-05
2.769460447850832424e-05
2.238903773407661767e-05
3.379716415489612607e-05
2.711887467024495801e-05
2.412360470124264418e-05
2.429809019420242492e-05
2.369850436700033589e-05
2.773963393878163650e-05
2.127207760560387433e-05
2.362060090371530328e-05
3.643803805107327090e-05
3.445240051033055651e-05
2.419192325063222862e-05
2.167264695570837789e-05
3.242767753452128484e-05
2.637583702231229151e-05
2.387005189767406189e-05
2.240512496474695466e-05
2.265791392867245020e-05
3.295021672560517588e-05
2.459973998318306586e-05
2.180673660426144704e-05
2.408792225304793227e-05
2.199209960144500023e-05
2.734586543475211101e-05
3.747645140883663916e-05
2.233872431615630701e-05
2.496460597927219701e-05
2.571654808180692806e-05
2.983014225021622190e-05
2.640557528531933321e-05
2.744087163885710836e-05
2.212989324920959581e-05
3.008540295365707903e-05
2.369703763276513969e-05
2.592878966861217023e-05
2.400140556655902432e-05
2.218347891232921125e-05
2.896073749688031460e-05
2.687211910561362278e-05
2.201365757310470934e-05
2.283815117213491673e-05
2.132034370098439665e-05
4.681758281282640384e-05
2.560240532940146147e-05
2.185382440290172765e-05
2.376598957788565231e-05
2.402541823033006231e-05
2.433822754570463955e-05
2.149032482694637292e-05
2.259662155231982104e-05
2.328337932370836961e-05
2.210815585836612248e-05
2.172708455312084966e-05
2.363164961480959474e-05
3.271132428742393937e-05
2.567595061781041509e-05
2.133631107349138838e-05
2.249915875955241253e-05
2.701634429022103107e-05
2.626458827451547004e-05
2.435725345084732607e-05
2.838400724817404715e-05
2.242789997202279570e-05
2.770527183947572050e-05
2.269264027164361828e-05
2.233267115826123624e-05
2.705068517339359794e-05
2.334915563131874155e-05
2.413279473650472318e-05
4.064357395601206167e-05
2.131632297575824310e-05
2.832871765867124293e-05
2.491412535931381662e-05
2.577273860920406161e-05
2.371249516590667646e-05
2.885499359409491102e-05
2.141870589949724892e-05
3.378018524387140854e-05
2.214759728367499624e-05
2.304811743738227451e-05
3.065366228025496927e-05
2.375007125883202730e-05
3.284655016847852065e-05
2.227088649928641226e-05
2.614889009835798993e-05
2.249143031346394756e-05
2.126753806131531901e-05
2.573184631240058997e-05
2.624053031709894311e-05
2.305830551410236419e-05
2.441696484815833050e-05
2.860927847150204593e-05
2.147304736802499166e-05
2.777067332505772407e-05
2.726505540893333891e-05
2.414917022441745971e-05
2.315657999506514519e-05
2.827403336047268985e-05
2.206708347512069320e-05
2.348433055185243464e-05
2.873426463008240712e-05
2.238485367208088174e-05
2.570933608955787412e-05
2.761117489520269425e-05
2.133092473266716351e-05
2.377864841484888132e-05
2.357783051948092082e-05
2.208838513786941400e-05
2.577367274835689909e-05
2.465799389884444246e-05
3.348074398357938524e-05
2.404956261311869039e-05
2.317214681924652654e-05
2.203252543259560085e-05
2.224510876199378709e-05
2.457428210113251884e-05
2.645424235805339319e-05
2.235985181398510144e-05
3.132101096177495881e-05
2.344725632832305660e-05
2.357927083509846409e-05
2.379022198068053527e-05
2.139058036360559281e-05
2.149401253275985514e-05
2.126728747948374864e-05
2.247092408699823997e-05
2.555818045261433284e-05
2.707637242812055905e-05
2.694740132709704452e-05
3.594633258979644687e-05
2.305568453205314748e-05
2.180085193403903578e-05
2.145068583463689122e-05
2.164211497520485372e-05
2.916935592134525430e-05
2.444840229913185377e-05
2.295499131551973049e-05
3.344600417237108506e-05
2.391636118074594512e-05
2.428828337461304949e-05
2.245958426539797765e-05
2.432725151649969088e-05
2.296766261564847566e-05
3.549793822056378299e-05
2.151260770054713760e-05
2.132995169268938192e-05
3.560957848146043751e-05
3.010260146472527515e-05
2.347987112993980344e-05
2.157665635497969979e-05
2.764997116678592225e-05
2.208446374887180385e-05
2.184488971851916855e-05
2.659807267287424420e-05
2.275561817645169318e-05
2.230453433304561568e-05
3.000903594910180576e-05
2.253734353905861452e-05
2.133743333200184171e-05
3.290202089658822947e-05
2.127902156967252859e-05
3.789580166808073695e-05
2.162494730043021512e-05
2.286464762058627127e-05
2.293757662380272635e-05
2.194827174957798341e-05
2.415680968876738230e-05
2.722660666762910330e-05
2.301704823679037585e-05
2.245499556425925873e-05
2.206645268177934163e-05
2.365030035960733246e-05
2.247821518446743366e-05
2.649277397609102502e-05
2.351252275239183758e-05
2.250118578708854716e-05
3.355998979004841317e-05
2.365555674175580223e-05
2.190946750418067880e-05
2.153384267003450513e-05
2.595543323675951114e-05
2.275385466629210486e-05
2.437835222891637546e-05
2.593748874529902253e-05
2.229956295888175241e-05
4.834127118901701304e-05
2.384593647471601029e-05
2.640879118242301152e-05
2.159280063877161584e-05
2.656799232614470192e-05
2.463824644532027045e-05
2.288040275384827519e-05
2.557384046226070094e-05
2.726621650047662043e-05
2.330486738360516968e-05
2.261392065350722184e-05
2.554065268185305861e-05
2.602425110564242705e-05
2.432188582393600608e-05
2.177411799560829817e-05
3.553429619413838483e-05
2.848150287042924792e-05
2.191494137735572047e-05
3.164324030847089845e-05
3.266423625027205571e-05
2.393400515932999267e-05
2.395134403701739561e-05
2.273302860488147148e-05
2.426673959781295984e-05
2.215632282778850451e-05
2.651006765185354595e-05
2.455809340879997962e-05
2.767547008067618584e-05
2.357521661971662404e-05
2.239658422646337716e-05
2.217607094385288627e-05
3.063596617656517295e-05
2.676809214868754373e-05
2.520010018690983702e-05
3.504340082337330849e-05
2.440796232920567396e-05
2.295997504646456018e-05
2.251936868400617172e-05
2.187595260732194959e-05
2.402605355803431639e-05
2.817276353644859938e-05
2.224775562394427689e-05
2.150683814185389459e-05
2.409260032923308078e-05
2.486980837803652236e-05
3.627225439271142607e-05
2.376201687009980005e-05
2.185318125009226540e-05
2.537551877067807071e-05
2.398226533801149949e-05
2.353011696857592816e-05
2.271857881864692785e-05
2.326814595634999432e-05
2.148087739502894976e-05
2.178128630786272310e-05
2.488124973940863835e-05
2.358044345900957295e-05
2.136385161943691195e-05
2.365817391478985647e-05
2.148867651587277620e-05
2.537760482071067000e-05
2.275149592871170443e-05
2.417046669025310716e-05
2.158787650021438013e-05
2.463807659946332446e-05
2.255103026258019686e-05
2.593073848693206471e-05
3.029692613787994423e-05
2.350480256864266829e-05
2.130045209722074336e-05
2.321228031501993528e-05
2.733396300353535457e-05
3.226763275475731018e-05
2.731498667730929668e-05
2.267021807153959750e-05
2.166858082858353610e-05
2.128608589033607521e-05
2.248861283087074170e-05
2.184963159877332292e-05
2.505614643584063499e-05
3.035473885379737257e-05
2.268151214184184605e-05
2.723213308752347057e-05
2.625658489845548218e-05
2.322608082833023927e-05
2.482757071094791282e-05
2.408782354044518723e-05
2.458606935946665108e-05
2.160001198451917120e-05
2.541734625823557895e-05
2.159462789984230267e-05
2.447465165293412489e-05
2.489606884072776902e-05
2.284860791735691840e-05
3.236636682066641350e-05
3.053510703152734310e-05
2.484176526001264079e-05
2.506135606132264083e-05
2.182833553553655188e-05
2.227249388621733664e-05
2.331261054816521032e-05
2.136278213842516231e-05
2.378534728869635971e-05
2.466804433953934567e-05
2.522883263818583626e-05
3.220729519428840463e-05
2.530032049723489321e-05
3.129873914123160959e-05
2.267711988830816355e-05
2.137446628223342148e-05
2.196776621975477363e-05
2.201309411227102346e-05
3.097402674961911308e-05
2.212545160870830755e-05
2.269591848538946222e-05
2.164580250930046802e-05
2.130120214704738358e-05
2.304852598735661950e-05
2.319591640015385793e-05
2.220405889580757923e-05
3.290986915537068091e-05
2.380536143715486361e-05
2.553975454045722890e-05
2.656183079640433696e-05
2.409921006667778846e-05
2.380400783643795787e-05
2.211916917082714683e-05
2.155806857564348790e-05
2.307264866859624588e-05
2.252047003939470978e-05
2.480793722666859301e-05
3.060434616583164306e-05
3.459227100873964341e-05
2.245865732069100523e-05
2.559076234624474959e-05
2.763383591856869334e-05
2.291715756775006426e-05
2.502869271811637028e-05
2.554297738518023303e-05
3.712443152460006212e-05
2.191865989556157754e-05
2.743711081544695241e-05
2.412992280182924950e-05
2.713421690355037933e-05
3.466439399303780584e-05
2.127729204244720133e-05
2.140810863172931287e-05
2.684716029372604198e-05
2.198776906408564033e-05
2.407168333448764128e-05
2.151474245404180370e-05
2.338989568519710520e-05
2.471117167916931861e-05
2.512547010673290036e-05
2.308155080449996634e-05
2.533010183082101381e-05
2.472134889569244348e-05
2.283852349843601726e-05
2.446074772810501830e-05
3.024230146632597569e-05
2.450231652342507832e-05
2.407771120666391129e-05
2.946814063568268155e-05
2.580375534717835982e-05
2.209944020964645488e-05
2.133715899364425182e-05
2.170295132895885658e-05
2.498484583732656444e-05
3.598299635852963930e-05
2.382169173076246051e-05
2.370555319446553431e-05
2.256779246820046257e-05
2.541563927569825466e-05
3.225139837071427820e-05
2.457394028975032151e-05
2.413023702506624196e-05
2.620819559565535815e-05
2.784104267088167311e-05
2.203845637210204684e-05
2.766607342212970663e-05
2.245757234634346782e-05
2.414537799558057925e-05
2.173483623506974817e-05
2.841882292296540543e-05
3.376560321487295547e-05
2.861780097657967291e-05
2.878367567959357675e-05
3.328497272215240045e-05
2.366661448461851292e-05
2.641011057700841901e-05
2.781154450302690071e-05
2.358663489288111457e-05
2.629562259092666025e-05
2.676346685452765314e-05
2.347733961704073013e-05
2.206731725484817956e-05
2.852966886711920001e-05
2.285553754016739084e-05
2.178397048630651583e-05
3.030736847702688867e-05
2.286506189753729926e-05
2.268255416629968562e-05
2.273172575625446418e-05
2.367257853080658711e-05
2.888992751684476927e-05
2.614877206073626658e-05
2.539275382477639082e-05
2.314035282274050473e-05
2.926530255920391604e-05
2.380931948178632767e-05
2.249228677750085946e-05
2.661778016673076812e-05
2.220024594972310630e-05
3.686195671471463061e-05
2.671713156432537089e-05
2.353559064842489161e-05
2.201656939654343155e-05
2.312946597620653589e-05
2.243906707575756267e-05
2.124164495807798450e-05
2.129021779644759896e-05
2.931658404955681392e-05
2.354586993914216226e-05
2.291252631878711339e-05
2.222676952314285299e-05
2.222480914484720017e-05
2.164439556546790834e-05
2.276310871562067881e-05
2.530491214229643439e-05
2.509612357680485761e-05
2.774415133677783705e-05
3.026945032416723252e-05
2.212156650300720764e-05
2.142620268320563550e-05
2.154339208091733110e-05
2.434687382053655905e-05
2.503960759862401740e-05
2.315952028581751441e-05
2.164090170828397079e-05
2.301066506113860167e-05
2.497737956236141467e-05
3.522318351182869654e-05
2.305243875845844125e-05
2.507248058415727110e-05
2.212256670217172013e-05
2.136457311523881709e-05
2.321128365814538200e-05
2.333322772555380216e-05
2.487895101023631468e-05
2.183988278748669860e-05
2.166046798879809720e-05
2.235583904896992609e-05
2.135775669890257897e-05
2.694876442991538072e-05
2.173276631085174380e-05
3.073223675359860167e-05
3.348217708017250851e-05
2.650983825331438689e-05
3.630477434914731354e-05
2.231577452433819165e-05
2.299732700712300300e-05
2.344885837703251523e-05
2.129342132896724004e-05
2.437929767773069258e-05
2.812134595198421326e-05
2.575142427321144389e-05
2.319980237144564142e-05
2.351239796577288591e-05
2.608833859268487693e-05
2.395601374033496948e-05
2.435110773486901767e-05
2.336319743636247568e-05
2.499842490960004222e-05
2.142847806305330511e-05
2.167407459518047900e-05
2.439789465490259756e-05
2.666266167222722548e-05
2.181130369811288021e-05
2.465055886505240350e-05
2.451273976067282895e-05
5.304361810479288748e-05
3.241904220229717426e-05
2.333683893607344423e-05
2.150973539640521986e-05
2.136822796707666934e-05
2.870603718354685971e-05
2.491046410114835431e-05
2.175145417946111197e-05
2.399647451218633073e-05
2.901100938006817459e-05
2.125556588504771597e-05
2.761283619294915137e-05
3.491578356637749995e-05
2.146467007970437996e-05
2.435153298041690232e-05
2.983641653267871368e-05
2.585981474488029366e-05
2.279282741297839127e-05
2.443431591512161807e-05
2.579992302275221943e-05
2.730792002851871971e-05
2.755472502452638517e-05
2.548525715209598087e-05
2.471489050310719823e-05
2.144878591387643980e-05
2.130390290153006105e-05
3.088592359988908721e-05
2.164902811786315620e-05
3.622714710633997146e-05
2.589232446701351459e-05
2.180489525659214291e-05
2.433875045074715109e-05
2.152651500519318510e-05
2.135397424490074011e-05
2.256550827376032815e-05
2.222524769002803534e-05
2.470365557125705014e-05
2.629537313915398627e-05
3.214795065628049843e-05
2.438315441039250254e-05
2.293188911707385450e-05
2.395643315859706006e-05
3.809111814799132089e-05
2.405669021508260284e-05
2.922352390977934743e-05
2.782844221803137735e-05
2.376971764070363966e-05
2.393928087883911060e-05
2.361313403443166464e-05
2.447449805350612132e-05
2.840799755944267455e-05
2.411468385461866418e-05
2.127754267522106448e-05
2.384333887941968890e-05
2.302948131191823790e-05
3.072510680077106856e-05
2.341044457059281722e-05
2.220777786308032335e-05
2.147523921741006822e-05
2.225537111163205546e-05
2.163468774573968809e-05
2.349604171141329810e-05
2.274523307032293919e-05
2.321363809665812606e-05
2.267283763280699045e-05
2.598796383590070628e-05
2.197790158004949500e-05
2.329162121664341448e-05
3.408800107023155282e-05
2.257907284519253315e-05
2.158341441311496225e-05
2.140444130365368498e-05
2.716325759437958400e-05
2.336497775888466229e-05
2.736716596210301899e-05
2.121002018093944100e-05
2.172506095654732472e-05
2.529567338273326892e-05
2.481464684612537557e-05
2.319861321282581411e-05
2.177104707250658339e-05
2.289622501805105593e-05
2.126658477343683644e-05
3.071980307895152604e-05
2.428913813653753171e-05
2.142090887838896048e-05
2.271871146590122975e-05
2.285815968549003411e-05
2.131677273356814636e-05
2.881089179596601284e-05
2.206252382188995042e-05
2.156334744891956018e-05
4.231020954780714556e-05
2.673695587335130978e-05
2.402331476518769669e-05
2.585950520027122899e-05
2.182176972714762090e-05
2.220964798610840173e-05
2.340503912613354004e-05
3.754784428882178250e-05
2.355923317122596535e-05
2.276339503494401146e-05
2.150342459434469993e-05
2.500868713473741002e-05
2.299933514356909716e-05
2.411186644960224473e-05
2.228452217684571054e-05
2.631865203911829354e-05
2.157650944824138954e-05
2.634914681244564504e-05
3.269349441158291600e-05
2.138752849946075113e-05
2.284112725164013711e-05
2.275658756790156011e-05
2.329265377047860707e-05
3.469372730034947044e-05
3.153951983991769140e-05
2.359627608153864147e-05
2.895462697080501666e-05
2.140307828480485886e-05
3.022320842403710154e-05
2.389251685070159514e-05
2.120684210713342838e-05
3.181478759272125595e-05
2.222699975696399669e-05
2.292248314687693911e-05
