9.100000022040873916e-04
9.100000022040873916e-04
9.100000022040873916e-04
1.896551944546657546e-05
1.113955549894898709e-05
1.110688420796288536e-05
1.022272425339969639e-05
1.244161445454582268e-05
1.028619353354939491e-05
1.043173700644729967e-05
2.663114444447056125e-05
1.432035570100262693e-05
1.605555613527507043e-05
1.137191575464564376e-05
1.041035410734904106e-05
1.129242824486109628e-05
2.614074534397349171e-05
1.348571263335058513e-05
1.714041332363209366e-05
1.028643516201896736e-05
1.232190953072379831e-05
1.068995424881977732e-05
1.089377287835307877e-05
1.137743927415148895e-05
1.137872517321723658e-05
1.057109567496426112e-05
1.125471406527578513e-05
1.025636150398694709e-05
1.028392602688166059e-05
1.473241292798194387e-05
1.180457575605008608e-05
1.420515380119303244e-05
1.019006542193472446e-05
1.806892547875551465e-05
1.675446196198239964e-05
1.736581004103150892e-05
1.325749024796616178e-05
1.182489264359904262e-05
1.047089872335442538e-05
1.041014281703658363e-05
1.043257169314893082e-05
1.281866767869309873e-05
1.112983845443878560e-05
1.022513228869201572e-05
1.175337868304253869e-05
1.145932586404669050e-05
1.161859999261485952e-05
1.277700248535664347e-05
1.363497116164932254e-05
1.135885300367626907e-05
1.135011186676296538e-05
1.832738985421630839e-05
1.092334819672609444e-05
1.067066450869400773e-05
1.026515368267334196e-05
1.057288097768072221e-05
1.500643790204118493e-05
1.159273257580968313e-05
1.206200343949359423e-05
1.145084893311863720e-05
1.072700318444704077e-05
1.507817808496234846e-05
1.335781899510689197e-05
1.281203994068769836e-05
1.242815001182581044e-05
1.221658624295273326e-05
1.819733755731024446e-05
1.209622547204668717e-05
1.109143055797645451e-05
1.126045331153825868e-05
1.208907153984706704e-05
1.067195031882376076e-05
2.178311250995617677e-05
1.749558944646271364e-05
1.102813626380511865e-05
1.231134606107612993e-05
1.020384356836270724e-05
1.030346003999233986e-05
1.037804816824133898e-05
1.192431807946867472e-05
1.323027828261185592e-05
1.315636050989253359e-05
1.437192355035247293e-05
1.235925094840722287e-05
1.146398887729504704e-05
1.515644598988595085e-05
1.220852460164211267e-05
1.079210724715732632e-05
1.427138361926864437e-05
1.075027934189429033e-05
1.761550749622019832e-05
1.309801470051978024e-05
1.172600083186038747e-05
1.055819659411768010e-05
1.057273522886145189e-05
1.729613029873392852e-05
1.114813192664304711e-05
1.122667440601570328e-05
1.082219141867491618e-05
1.080673140130955930e-05
1.253605063154062670e-05
1.482827988194401753e-05
1.112133885958641464e-05
1.743780100786762865e-05
1.044349538850264104e-05
1.084122541086317583e-05
1.538448815829731054e-05
1.327647530027942986e-05
1.047229871225602510e-05
1.081899578508410057e-05
1.451255144041104371e-05
1.022499549074883376e-05
1.180416579078545216e-05
1.024555351900603877e-05
1.123891494942389933e-05
1.021442769345041100e-05
2.152383391951260018e-05
1.039795127558066880e-05
1.187454982614191665e-05
1.205329393138420438e-05
1.028492978848816080e-05
1.283237444341598115e-05
1.259881201217416896e-05
1.332196296474880381e-05
1.095236313071193313e-05
1.508735657883228059e-05
1.237467536842115482e-05
1.104399917790948758e-05
1.070911720299761256e-05
1.086694672422263474e-05
1.123353200206985305e-05
1.244267058584943664e-05
1.207187232280420756e-05
1.063164556669795547e-05
1.113446214733838192e-05
1.290185029132778256e-05
1.274777976491229262e-05
1.653108482732640173e-05
1.021926416295175666e-05
1.095614528670669162e-05
1.147351451063876855e-05
1.220359896035091132e-05
1.131166748273098016e-05
1.124991115607701381e-05
1.264313078121179707e-05
1.052992208622253889e-05
1.041312511399792448e-05
1.204310430188760009e-05
1.237314546398098064e-05
1.025569415465232685e-05
1.026918082025182561e-05
1.757953241272953364e-05
1.102181526183735164e-05
1.144744166692127795e-05
1.039488166663427985e-05
1.110174458343385069e-05
1.074089005498448995e-05
1.306234779913617212e-05
1.380854170387488613e-05
1.067748418102601148e-05
1.038181071095873241e-05
1.083468093809971091e-05
1.064034866581387525e-05
1.092961890455417925e-05
1.049035807267891885e-05
1.069499076739238818e-05
1.210080969352873295e-05
1.159636162523174533e-05
1.210605329906949579e-05
1.164401149094254162e-05
1.221871274061705890e-05
1.043562617421322356e-05
1.590618833695434217e-05
1.025744021643169248e-05
1.021074014176804305e-05
1.141056179644463510e-05
1.042490315870158780e-05
1.148823094424237338e-05
1.116181987369617976e-05
1.226846078856899523e-05
1.504204156436784242e-05
1.428866945251780207e-05
1.041971714592248854e-05
1.021445399266076041e-05
1.047430470868121816e-05
1.269357344239570406e-05
1.694245266854798863e-05
1.246750041167972908e-05
1.305711732638125149e-05
1.072903052581238229e-05
1.252315214566167859e-05
1.276060862297514456e-05
1.114059552551933483e-05
1.058069128773449406e-05
1.121177339287922697e-05
1.031694773146269586e-05
1.028775260865450154e-05
1.235769641083000141e-05
1.424659390668489456e-05
1.149545781399152793e-05
1.047165096327229668e-05
1.021330414937781293e-05
1.251777791562012665e-05
1.472198708107007236e-05
1.104727608592457167e-05
1.037131204085583083e-05
1.039281042281106174e-05
1.476734955961864485e-05
1.339053629640699457e-05
1.068034674584356487e-05
1.048538894048237565e-05
1.088793869341999371e-05
1.602063856931226126e-05
1.122252493622587441e-05
1.168341268945960812e-05
1.148137826688000162e-05
1.180854136545066358e-05
1.341135580232611659e-05
1.407045686083105113e-05
1.029025927658511220e-05
1.446367454699305793e-05
1.630583091587818029e-05
1.075228833499917170e-05
1.464157597913151704e-05
1.174046881465740792e-05
1.033031531976319044e-05
1.070703127311767192e-05
1.377040513227325441e-05
1.038270750505259412e-05
1.136304829856300412e-05
1.068451663238695104e-05
1.165303930992370578e-05
1.343954318322516283e-05
1.087945935335708794e-05
1.096574523740632888e-05
1.105715979985976910e-05
1.050985856371263813e-05
1.111007157825176420e-05
1.216357933839357312e-05
1.152537983971470527e-05
1.086464255457837539e-05
1.151714711277633199e-05
1.778243025306312740e-05
1.227118324111282480e-05
1.048428128974409466e-05
1.538056568984042113e-05
1.046025510684162975e-05
1.064072480621789755e-05
1.028327706565201166e-05
1.186695828109781771e-05
1.053093255718677890e-05
2.165241783002309529e-05
1.115365902775612022e-05
1.170962531203880173e-05
1.102035484749008202e-05
1.130587303544795523e-05
1.253344409863968841e-05
1.325393151959234618e-05
1.313519281648984447e-05
1.421843546068795718e-05
1.154990083010442560e-05
1.649844604315431302e-05
1.087193777971333639e-05
1.046752805178606897e-05
1.126407346429204230e-05
1.072599568012795945e-05
1.272861557299528461e-05
1.142969748412972966e-05
1.386193414934540680e-05
1.487129450026287263e-05
1.179375451641014291e-05
1.176880783569048223e-05
1.060370966534442353e-05
1.051922151938490600e-05
1.310034381580016743e-05
1.038533953523056180e-05
1.154267710909680434e-05
1.030811472210038047e-05
1.542738284840898088e-05
1.197714748262062458e-05
1.208554039666164047e-05
1.174543526365631155e-05
1.026859596517666895e-05
1.593375132302108556e-05
1.067392687175708075e-05
1.802126682183111505e-05
1.319169908812352231e-05
1.213645576610050260e-05
1.290665740027515195e-05
1.208941387293535578e-05
1.165711328184006860e-05
1.435437191556529711e-05
1.211701218987236966e-05
1.036987828048527408e-05
1.220326234285071383e-05
1.031455906808910158e-05
1.425544275082534317e-05
1.417217803701987422e-05
1.290604541984464123e-05
1.437189679281770168e-05
1.409829796747834080e-05
1.020385538101697758e-05
1.566747475348737484e-05
1.257900907886041466e-05
1.128456044287351860e-05
1.655847386231626452e-05
1.028327642008979977e-05
1.062891885883738313e-05
1.275785483730426846e-05
1.329530341602606755e-05
1.093206024651874829e-05
1.197190703418011096e-05
1.025392579210104653e-05
1.353967952527316505e-05
1.092463951396652818e-05
1.108313272271264750e-05
1.465642202849640180e-05
1.050662530985167948e-05
1.271137486717696335e-05
1.235898170687363072e-05
1.539001750085306847e-05
1.185768288366217293e-05
1.371486731366555962e-05
1.296128401741540596e-05
1.233238934919799319e-05
1.117261722397270626e-05
1.409070402039770506e-05
1.802952753225545778e-05
1.132532950484631476e-05
1.167679754354968863e-05
1.211923829892397293e-05
1.167792112835848469e-05
1.103838854404885856e-05
1.404998718807814372e-05
1.400708396920144125e-05
1.945261741926499561e-05
1.399414350612845216e-05
1.069840869182220578e-05
1.934443561953811533e-05
1.189907447262223958e-05
1.258110027312149010e-05
1.045934014963236072e-05
1.246630154134662616e-05
1.030966650585701152e-05
1.119889068801087478e-05
1.261310624054955516e-05
1.155816725294521078e-05
1.316228722696196875e-05
2.045891941692185479e-05
1.032320977805593489e-05
1.109711107991773741e-05
1.131929628401757832e-05
1.182839531912482277e-05
1.268082160062535701e-05
1.263758035908075224e-05
1.249118334330775944e-05
1.175389351871342093e-05
2.043801551113991869e-05
1.273734575916135181e-05
1.121063901153424997e-05
1.158010320849759976e-05
1.333124593068401881e-05
1.366217646847338301e-05
1.364064852652125598e-05
1.070096760936193066e-05
1.061932199981322107e-05
1.693882382644417578e-05
1.095515837794707331e-05
1.028586851489313778e-05
1.215897469768795590e-05
1.138181045013157092e-05
1.209632387489438772e-05
1.031821678524508132e-05
1.115995496607607477e-05
2.159183804578242841e-05
1.521764997506581818e-05
1.975769364716333600e-05
1.379340267674213121e-05
1.104425577351624948e-05
1.029975494439862226e-05
1.366076259245268106e-05
1.163252668700489833e-05
1.211704226646351845e-05
1.506430745107715364e-05
1.228182872304961579e-05
1.607734285042096818e-05
1.186577160482400284e-05
1.221713289203234457e-05
1.193688413450928645e-05
1.500150567273209364e-05
1.461443012981371885e-05
1.986380438559138528e-05
1.048930681890665861e-05
1.172502921526351467e-05
1.124324867388413134e-05
1.177063395785722768e-05
1.078128239832531603e-05
1.152760629231031213e-05
1.036969312843616571e-05
1.065647474370813217e-05
1.386061441618031352e-05
1.034525808556728102e-05
1.119275868120067836e-05
1.448346108548908496e-05
1.037596192052148366e-05
1.655277925317819981e-05
1.247213876419944491e-05
1.467526133921086924e-05
1.047393493828243562e-05
1.163613750284003831e-05
1.099517463197295220e-05
1.552484242813121658e-05
1.109497531609255984e-05
1.078959151653895111e-05
1.068819698045340579e-05
1.266121719527439443e-05
1.037666932359305764e-05
1.964563549523234379e-05
1.204731947392072361e-05
1.340537252705029553e-05
1.032218558098273592e-05
1.615807139213922672e-05
1.450027343663890477e-05
1.768294022203077708e-05
1.131354486684815960e-05
1.116635390186831539e-05
1.173845840359918297e-05
1.489562129731801494e-05
1.164890363206946434e-05
1.293761814605974122e-05
1.131488735741925045e-05
1.081224112737194763e-05
1.806345449732944027e-05
1.033246041157971637e-05
1.286023896442479848e-05
1.164293831654661791e-05
1.353763604210853613e-05
1.084432604509792295e-05
1.258044167284672150e-05
1.337876150010534318e-05
1.063110289139114728e-05
1.143982207836571831e-05
1.065683526996663751e-05
1.918801728780504770e-05
1.030628785850062750e-05
1.188910136341879192e-05
1.807503593818074781e-05
1.034947940747477310e-05
1.044491593111149074e-05
1.029872486168894234e-05
1.078339443660347254e-05
1.022584359481230963e-05
1.382232222619144272e-05
1.062810672861924439e-05
1.143247376979546754e-05
1.312408359062383831e-05
2.079807220553466228e-05
1.235359395699347083e-05
1.677460018441380790e-05
1.145118714736292547e-05
1.269206813322305884e-05
1.236566766121495106e-05
1.256531667080099365e-05
1.214463130052040877e-05
1.062665659325580885e-05
1.472942453405439922e-05
1.183780189423763580e-05
1.083138766776920207e-05
1.085418419914177738e-05
1.184261353970506854e-05
1.100272006326793024e-05
1.074483472730469670e-05
1.416894720389472620e-05
1.201243646289827324e-05
1.035461341261065812e-05
1.162231920047191664e-05
1.318388845087910196e-05
1.296270000794395652e-05
1.244929458145954428e-05
1.024361932030892589e-05
1.080575810197868675e-05
1.037572161734115141e-05
1.177092435412886280e-05
1.170110096575570976e-05
1.591337752352978339e-05
1.241219664203553116e-05
1.325877560732529383e-05
1.125123106727286075e-05
1.068614544765737577e-05
1.323976876602941857e-05
1.023650641554261463e-05
1.128104089513601473e-05
1.133141372710831855e-05
1.067219253503075724e-05
1.170757611437754451e-05
1.266091860818856895e-05
1.088585362112063913e-05
1.407164653606462980e-05
1.354470960447461776e-05
1.338782981452155620e-05
1.192452739903746501e-05
1.266258421869901376e-05
2.022755103165897302e-05
1.080591105446512424e-05
1.377922655565588304e-05
1.029819771397110082e-05
1.349684909652519632e-05
1.656246116003272254e-05
1.100197246544910643e-05
1.036132548794494914e-05
1.079193028920482362e-05
1.271020091691438755e-05
1.388541502571749095e-05
1.588734818934592542e-05
1.077208511063239156e-05
1.572654994226545781e-05
1.750046539710727094e-05
1.160235520472616706e-05
1.356773702947633500e-05
1.026932814688862514e-05
1.065892082103716247e-05
1.237878818806468017e-05
1.380549371315104774e-05
1.258600834429954648e-05
1.163933944975678746e-05
1.160846534045474908e-05
1.948401885252697342e-05
1.032833403839984602e-05
1.420417392367719252e-05
1.229791918119165184e-05
1.359658583918819924e-05
1.852623657810681772e-05
1.209030364163807423e-05
1.110312680687995001e-05
1.438437331572985245e-05
1.174146058865024593e-05
1.285522783210516626e-05
1.031035577552677718e-05
1.540198903621088804e-05
1.172230751926533926e-05
2.162484211374643997e-05
1.076393155205295955e-05
1.700955469260304016e-05
1.041429713789382099e-05
1.021596089595356452e-05
1.220988470167091708e-05
1.856094693372909666e-05
1.719001959571077223e-05
1.313584856719274507e-05
1.430967578783153894e-05
1.036545457325370624e-05
1.213899753573660463e-05
1.065484083363591616e-05
1.708176501277168535e-05
1.102973936153832627e-05
1.396234410401634607e-05
1.688810241836438957e-05
1.190011280449655281e-05
1.039907242158244347e-05
1.074282448225832086e-05
1.253827269037361916e-05
1.137325038031814898e-05
1.060727561247373294e-05
1.064492845024222348e-05
3.264732300108071702e-05
1.201749952850044285e-05
1.066766846845338277e-05
1.134849402566002299e-05
1.051859157749115948e-05
1.229443589018578729e-05
1.055591208080863165e-05
1.474725643583985421e-05
1.146805950266450687e-05
1.752979361141002840e-05
1.100739971347078935e-05
1.314710108987790805e-05
1.197226325575559736e-05
1.174011110372910286e-05
1.182252940194957997e-05
1.460806596212855073e-05
1.261536483326088548e-05
1.290845693735509581e-05
1.044760759688905654e-05
1.492098063228817416e-05
1.236955892273911161e-05
1.737286115600309702e-05
1.202887726192241436e-05
1.233516184191832013e-05
1.158320419554094614e-05
1.087865987721680630e-05
1.127996301995010521e-05
1.548431494232891255e-05
1.295839587703274764e-05
1.295186527460582809e-05
1.086297772140528407e-05
1.147644846767346201e-05
1.403194640230139787e-05
1.061124147506218571e-05
1.093965945532321215e-05
1.127727359480603839e-05
1.084949506190350361e-05
1.354467533553094915e-05
1.046358681824867819e-05
1.534732199091818874e-05
1.714989392278462238e-05
1.069286206840714987e-05
1.268464904703829712e-05
1.446935069245017702e-05
1.259946628642664130e-05
1.074708605599707965e-05
1.801418166066792042e-05
1.540696116638603610e-05
1.368081723687367447e-05
1.338957798670499237e-05
1.166505701719529929e-05
1.062374692848640741e-05
1.277895290540644930e-05
1.422581327548892712e-05
1.593422195317139474e-05
1.263823327090081547e-05
1.349775905395199831e-05
1.188587726659805810e-05
1.976970581682040533e-05
1.191915293009783769e-05
1.121879768340528771e-05
1.243383807795491215e-05
1.039530787350881300e-05
1.272736349472825630e-05
1.218916433782073409e-05
1.602741317643237941e-05
1.026426951958103940e-05
1.063908387829472563e-05
1.272852363821099905e-05
1.100250046369893241e-05
1.392883991145044279e-05
1.079958615008078647e-05
1.052659298078955296e-05
1.038801608602603823e-05
1.040900818073085753e-05
1.580145438128602168e-05
1.442039897607882121e-05
1.038750543239168358e-05
1.310562518335266547e-05
1.285508126434384431e-05
1.192183965567853639e-05
1.042705703023450516e-05
1.284508929444193391e-05
1.281359132917078705e-05
1.083110040255832084e-05
1.099980762570140696e-05
1.159952288391580754e-05
1.071780452146231725e-05
1.294821327794391886e-05
1.264317894282719753e-05
1.365111226495455707e-05
1.411356708980265965e-05
1.031027468847939171e-05
1.080258001877388643e-05
1.517952879841811384e-05
1.130371497736821739e-05
1.231112543991646108e-05
1.277497947478729124e-05
1.032960104437242698e-05
1.037182115693750754e-05
1.231142746976979116e-05
1.401722665721480824e-05
1.155184716444081677e-05
1.211071740249210175e-05
1.271363815580669316e-05
1.032694546196636954e-05
1.201408851192263850e-05
1.102019841352068812e-05
1.160505772099732540e-05
1.115786361106951320e-05
1.055221616256597590e-05
1.651568501806882289e-05
1.054731692246865992e-05
1.036167212229285796e-05
1.143688590903011896e-05
1.123797406418427939e-05
1.112573998892897814e-05
1.400537245733565133e-05
1.052897855941939666e-05
1.230861504499723320e-05
1.114889001638261695e-05
1.388374829027851142e-05
1.019248475962900044e-05
1.062937313607075202e-05
1.023135376312399978e-05
1.109262042244759346e-05
1.077681215733645064e-05
1.101103333312260528e-05
1.133322558502656478e-05
1.137991640149437224e-05
1.421133559449060566e-05
1.176818456271444259e-05
1.104698003490330692e-05
1.069806191832828820e-05
1.028471277110521486e-05
1.679713256251756491e-05
1.116409434106059005e-05
1.108715833020744742e-05
1.458084896049109356e-05
1.036801529831938383e-05
1.083332358469269433e-05
1.154086946116370689e-05
1.153906903528205752e-05
1.289507106489435378e-05
1.225516762626687306e-05
1.189297077347714219e-05
1.024343903631682990e-05
1.043068522887673259e-05
1.602911561498163715e-05
1.044903866571638510e-05
1.061720105404826264e-05
1.096181779114255953e-05
1.052694693535150561e-05
1.398106866997246965e-05
1.096048538050636163e-05
1.187214399147670869e-05
1.248911363126754763e-05
1.185299257435404560e-05
1.475567852067215371e-05
1.494719589949600922e-05
1.033893482885918103e-05
1.512860274103559484e-05
1.229538394095818890e-05
1.143326459636316980e-05
1.068685293126185743e-05
1.088074582935664235e-05
1.136890538033000672e-05
1.196479351400504256e-05
1.174916407296449969e-05
1.252043210278156852e-05
1.141582736088382400e-05
1.043184107965748842e-05
1.240394823598801703e-05
1.202212958550881832e-05
1.163369274187150111e-05
1.209828815404382705e-05
1.019494557618007216e-05
1.749404680313773960e-05
1.801253150608265904e-05
1.092904679194341249e-05
1.056582814312495244e-05
1.052189815601552663e-05
1.528729716745779731e-05
1.073657639635071671e-05
1.036223779829283175e-05
1.145312152520517735e-05
1.108553918292598154e-05
1.435735871861754412e-05
1.273500566928056205e-05
1.700478820265512365e-05
1.803949178458873754e-05
1.145943003126386020e-05
1.321231802754718325e-05
1.111686256228356520e-05
1.362919171732055476e-05
1.393486748797188358e-05
1.222388200747261350e-05
1.106869000693282972e-05
1.271022078929092512e-05
1.077563191901698562e-05
1.454599044405183736e-05
1.062165124642236181e-05
1.212393754440324603e-05
1.200596541568267332e-05
1.603255706659027305e-05
1.041998137642836697e-05
1.033898866770563107e-05
1.559232687144344499e-05
1.219547970193662819e-05
1.057840122405094946e-05
1.193013639236686374e-05
1.253540351742020143e-05
1.072340614008581835e-05
1.461113762610626417e-05
1.264098668647052676e-05
1.632560838283740487e-05
1.187013308602845440e-05
1.087409981868663092e-05
1.055622763244383606e-05
1.616677071133025318e-05
1.052789072894261285e-05
1.036238316276785125e-05
1.035445190132091499e-05
1.089929374001762902e-05
1.173779677574836243e-05
1.042054023655522360e-05
1.073583792495594414e-05
1.237016755286262490e-05
1.064804878947487823e-05
1.111588336507881500e-05
1.437880228532271702e-05
1.328547249118551076e-05
1.153581461944147986e-05
1.234090092790345080e-05
1.110089572454453296e-05
1.155648921217988148e-05
1.025186808629923356e-05
1.611177747691852727e-05
1.112321327937537034e-05
1.046740798429918653e-05
1.169089186947909390e-05
1.109463547983907179e-05
1.301923075388679508e-05
1.369447724178485634e-05
1.160108030452317615e-05
1.030892500898657799e-05
1.130214151052680175e-05
1.312015936548961559e-05
1.021753841127236059e-05
1.364851925092581804e-05
1.705838586958115894e-05
1.170291863943147071e-05
1.094144346462650716e-05
1.203140948123895276e-05
1.237683646873030288e-05
1.205739746807009418e-05
1.605698140948227638e-05
1.464960560876437472e-05
1.116719546638029478e-05
1.032281856309254277e-05
1.434412570064391791e-05
2.164790543936356582e-05
1.157391209584672186e-05
1.198228671342337842e-05
1.518708666174973558e-05
1.631116726315199513e-05
1.192687213692414919e-05
1.329770275538847187e-05
1.158333065534399749e-05
1.473436642947056237e-05
1.098959901816724520e-05
1.055990624157682222e-05
1.041529856887044063e-05
1.057639460673069233e-05
1.450753183873498329e-05
1.165867259612841780e-05
1.226509973955724233e-05
1.902479689000167193e-05
1.231877696729162126e-05
1.228724092162244085e-05
1.019048007257128287e-05
1.207186351100291451e-05
1.042654012369306015e-05
1.179591771462012520e-05
1.071114760097576640e-05
1.189232687330386970e-05
1.079771713646940140e-05
1.035353893642148344e-05
1.039779379685675661e-05
1.076598831923264057e-05
1.028539092816693404e-05
1.142457321348284688e-05
1.293588537868515923e-05
1.388446321927251114e-05
1.237364437921068393e-05
1.201197456555084278e-05
1.169314862421993729e-05
1.234265462379974886e-05
2.120764914663718245e-05
1.208172933742242454e-05
1.054199544654785819e-05
1.086555617616194089e-05
1.576867412377369826e-05
1.154544790035918532e-05
1.133198097193926276e-05
1.031485734287557686e-05
1.184172908463407330e-05
1.397944626113826154e-05
1.302577968919595619e-05
1.107628591682619879e-05
1.083953288184808612e-05
1.023423700766447138e-05
1.080456166073530095e-05
1.676302185379075505e-05
1.026713924263247799e-05
1.431669100786617141e-05
1.055963220325195981e-05
1.218350710207345897e-05
1.122863039384964094e-05
1.899229013413423719e-05
1.023073869924348643e-05
1.054363012284829243e-05
1.132824783704233218e-05
1.046793670444245901e-05
1.034458566770595010e-05
1.030822237581352877e-05
1.445178656668855651e-05
1.066027224768522090e-05
1.389568567861007011e-05
2.074102075790549594e-05
1.019494447413643644e-05
1.022670527251203938e-05
1.127909824147860666e-05
1.129623570329998007e-05
1.115922201125596503e-05
1.808032614075094456e-05
1.268393924444779865e-05
1.111870179377092449e-05
1.988426093859611713e-05
1.474862053657327749e-05
1.028494491037703644e-05
1.153522129372661298e-05
1.173636844743224132e-05
1.098708778333522563e-05
1.146802481880623663e-05
1.095264571175829299e-05
1.246477065695816699e-05
1.338231846257370476e-05
1.279718952513796056e-05
1.931943870600919588e-05
1.238367611722928101e-05
1.140124053033639115e-05
1.180898432860443068e-05
1.452179671378755246e-05
1.172926742752172251e-05
1.035481485871922145e-05
1.257716249343764566e-05
1.094777347777686882e-05
1.022628398510128361e-05
1.078454672928778732e-05
1.387270354731239382e-05
1.140728830690428789e-05
1.112519603171884501e-05
1.244149140152195679e-05
1.215371162520406667e-05
1.353835821820128859e-05
1.050246988419744110e-05
1.125441804496078947e-05
1.439538348231964002e-05
1.024234990460249617e-05
1.144414887831152167e-05
1.833797498543469711e-05
1.193022175240020089e-05
1.021696366791806703e-05
1.056063851802649807e-05
1.264726370241055757e-05
1.029653045835084334e-05
1.355162706956029347e-05
1.061600800320311596e-05
1.198479873085251437e-05
1.361265187249294356e-05
1.041293863783559985e-05
1.707427536754006932e-05
1.169693409846164693e-05
1.034750349748040735e-05
1.141414823610007077e-05
1.429688588187462864e-05
1.066103151056721840e-05
1.092962884744170276e-05
1.373226198186278167e-05
1.136984480152861395e-05
1.158751929384610631e-05
1.080664339366194881e-05
1.108998838634500131e-05
1.035338927437914010e-05
1.029843948139372284e-05
1.720711901865362581e-05
1.312051015189152174e-05
1.118543453161988972e-05
1.795438078441773141e-05
1.461613107107974759e-05
1.145814520498036833e-05
1.103933005364404318e-05
1.113865053225396789e-05
1.069862522636605987e-05
1.124580883523590793e-05
1.038666477617708085e-05
1.479085116814531699e-05
1.998026837471043681e-05
1.867042222705667185e-05
1.140752324990556843e-05
1.598909802414549779e-05
1.338896312307980851e-05
1.123840283636147000e-05
1.226614694089575829e-05
1.138198771037726607e-05
1.043148238742206270e-05
1.490290062917587424e-05
1.508384243536402616e-05
1.269121397851904932e-05
1.042575570732087105e-05
1.083738233466700654e-05
1.154744142700920831e-05
1.997850151076068555e-05
1.081899332083962437e-05
1.192464556773594961e-05
1.118085185998648923e-05
1.321228987773664351e-05
1.132277213448545678e-05
1.300726418712616785e-05
1.128189361228303314e-05
1.039338769647073404e-05
1.069066097382129222e-05
1.119777969714752530e-05
1.279433643352653852e-05
1.018888563915513332e-05
1.409521331065613073e-05
1.279819280303784286e-05
1.113244558698429665e-05
1.573939007552997170e-05
1.339142700114685796e-05
1.446112248352398713e-05
1.307566778193070025e-05
1.758719215848872919e-05
1.107739632116836698e-05
1.087550130349102464e-05
1.073586290348040638e-05
1.500305086688966818e-05
1.461713378845522637e-05
1.346447770495932836e-05
1.124831965079491445e-05
1.641553809007877205e-05
1.077536808923740720e-05
1.038035257126317882e-05
1.115338203113991751e-05
1.028993289273374127e-05
1.161274819720781279e-05
1.297324291656598146e-05
1.278187265813467325e-05
1.121343668422234928e-05
1.485680826046152676e-05
1.424015554211046446e-05
1.243629077032569859e-05
1.298597066606885271e-05
1.069824336150773397e-05
1.043029990358864732e-05
1.181908832208475988e-05
1.178104086517113862e-05
1.091576961130557194e-05
1.076691112672973933e-05
1.021704292577880734e-05
1.331891397848706614e-05
1.135384372162249989e-05
2.449995996563962379e-05
1.268260361804839578e-05
1.278096357441216147e-05
1.225849076638810477e-05
1.871995121446230780e-05
1.197103796711384081e-05
1.148960576427152596e-05
1.036395526468515959e-05
1.357519463490355786e-05
1.128310146622103541e-05
1.086732052357711079e-05
1.737198854854663720e-05
1.478092577334876625e-05
1.243662180957635710e-05
1.151562773038630115e-05
1.269326290993358881e-05
1.173627714030360653e-05
1.036345629610578069e-05
1.501004120237836245e-05
1.018771400986060092e-05
1.102409402535748842e-05
1.029974004737833398e-05
1.179826883728269440e-05
1.254091672397618457e-05
1.193508550381360047e-05
1.049583725409013806e-05
1.284745633641200808e-05
1.536542543959041324e-05
1.218355842435934406e-05
1.045132943012043583e-05
1.063062588869028125e-05
1.368256662512806422e-05
1.087924855943747264e-05
1.144036931957957463e-05
1.104374622861821908e-05
1.123326790175471738e-05
1.156035099399580316e-05
1.023657435203035056e-05
1.500695828582933572e-05
1.111727511015314438e-05
1.178273168707268742e-05
1.197738578888279933e-05
1.163221213574439528e-05
1.066194509472881069e-05
1.031064148163492746e-05
1.482245896652146014e-05
1.210957563553555086e-05
1.184264688239259166e-05
1.056813749365338093e-05
1.214283529180754028e-05
1.059680864964774669e-05
1.125088815634996601e-05
1.021235748590557275e-05
1.445163048134425767e-05
1.085183016363260513e-05
1.217277701762475002e-05
1.063903224963303907e-05
1.130111384255761631e-05
1.155513988900176170e-05
1.062603706479862266e-05
1.136902247675041329e-05
1.418872015369120762e-05
1.147529349806280578e-05
1.118148784045533563e-05
1.150722476181976193e-05
1.274265097727483967e-05
1.044361475318265323e-05
1.224473690276708498e-05
1.343130496269878487e-05
1.077322459521676674e-05
1.523982297325393411e-05
1.046848080607929060e-05
1.289110329550913870e-05
1.181077807939961009e-05
1.057678628007991448e-05
1.427566797869253250e-05
1.132093425293452600e-05
1.196002631972107165e-05
1.189342007494397258e-05
1.073862408930625960e-05
1.154952486395047621e-05
1.028901409490820118e-05
1.120416840866561372e-05
1.404573842709931694e-05
1.198002971912681479e-05
1.273915597114667433e-05
1.539921673176800277e-05
1.292847610811859320e-05
1.113529518043866631e-05
1.216661137386566870e-05
1.097257013085584172e-05
1.232637991081219747e-05
1.520227503713100052e-05
1.728023118922555356e-05
1.248252232904577909e-05
1.335302609986483568e-05
1.193937975498041398e-05
1.130291191830761871e-05
1.115397505793829217e-05
1.044446461310100188e-05
2.611604200029666505e-05
1.047002667544879788e-05
1.116601724998828385e-05
1.192514769069956659e-05
1.094988694002873859e-05
1.297420014570634015e-05
1.020554447193998805e-05
1.245707409021557026e-05
1.067975855778111867e-05
1.093140476341716254e-05
1.052352464383381314e-05
1.101439752296301130e-05
1.020425329131354104e-05
1.213037999284913464e-05
1.103325316534912340e-05
1.119371713241668851e-05
1.039154132766839290e-05
1.099481575543018245e-05
1.049395425821387975e-05
1.135627197991929344e-05
1.221345594538789345e-05
1.334610469325531350e-05
1.237210394686908313e-05
1.058537240517192743e-05
1.097868625999112409e-05
1.197166906248516425e-05
1.123798597484694482e-05
2.573472005295032413e-05
1.525777380460005688e-05
1.439704417194562653e-05
1.023634061580635100e-05
1.054128900012419715e-05
1.688927396564589536e-05
1.045746295906186075e-05
1.218647692070960127e-05
1.049284949043077501e-05
1.809323788533821596e-05
1.210461301007967836e-05
1.078540515383916111e-05
1.232653584958617938e-05
1.022228633958044547e-05
1.266420267423017440e-05
1.056185277378128725e-05
1.025403231474172696e-05
1.422002662399920318e-05
1.149473197096304424e-05
1.047350157714669496e-05
1.663272883226832351e-05
1.061712393229003208e-05
1.292360388629988284e-05
1.205610862055152263e-05
1.367471981399969401e-05
1.128363428258854592e-05
1.254830177791269979e-05
1.064348698943554768e-05
1.148976447494444276e-05
1.114922586934246013e-05
1.392595755592137156e-05
1.088030870234498831e-05
1.259014065934022027e-05
1.418793498868154177e-05
1.338938478428248712e-05
1.470358302423041876e-05
1.546821146803323765e-05
1.063722832120515997e-05
1.403221516172412119e-05
1.094994880707342896e-05
1.153125378532179840e-05
1.094346234924733788e-05
1.036889994089962622e-05
1.100538764257299447e-05
1.261581983660482551e-05
2.331568081225383849e-05
1.155832725753647258e-05
1.104429242931728397e-05
1.029383528124014823e-05
1.062370922710905310e-05
1.199534566207783809e-05
1.631942917707785275e-05
1.257256952162881565e-05
1.091598092235336712e-05
1.325875693799434719e-05
1.158023997370978539e-05
1.070157154793687220e-05
1.412315360001504497e-05
1.259513707888932016e-05
1.762711036998133849e-05
1.522006109522919037e-05
1.272036121315297247e-05
1.948491261609588203e-05
1.258021973742506504e-05
1.347149272515350299e-05
1.196867308444950562e-05
1.235352142080160123e-05
1.135900432461532964e-05
1.518486614795837818e-05
1.105159559038838883e-05
1.201883763925742758e-05
1.133130782614456613e-05
1.036894170782478705e-05
1.021544036614978481e-05
2.201082350677046684e-05
1.051328847666808105e-05
1.243891903968073641e-05
1.769532429068988507e-05
1.174690851680513457e-05
1.108665898408390153e-05
1.107993507652619230e-05
1.247389756320082374e-05
1.210738769502784647e-05
1.511081458367140944e-05
1.256385367290718645e-05
1.332188881072682727e-05
1.183587069025580969e-05
1.166829047580909012e-05
1.421474031536514601e-05
1.050978162999605728e-05
1.049944385017714449e-05
1.135847915804017198e-05
1.147458888269574896e-05
1.025685176095026882e-05
1.050323546883357359e-05
1.058424103666519829e-05
1.258225919993452353e-05
1.077915470223299957e-05
1.515436174733268189e-05
1.115405864413125535e-05
1.255295845901960045e-05
2.227041336752716042e-05
1.407562580296839558e-05
1.026224232484456171e-05
1.240847914751753430e-05
1.192164500501992647e-05
1.562686691884727848e-05
1.177145620421248481e-05
1.198484363121434464e-05
1.077145137486873321e-05
1.165509491701002008e-05
1.021949690890500765e-05
1.556580576903591014e-05
1.240323748526779584e-05
1.113670750577344616e-05
1.044946117620893026e-05
1.505927872452009715e-05
1.168096106338538003e-05
1.175702420934933109e-05
1.040949064563079801e-05
1.093068528694547300e-05
1.094444354623751310e-05
1.231689336390933342e-05
1.028586559915974650e-05
1.244788933866265414e-05
1.035700162770293589e-05
1.731658201005063913e-05
1.062591958862129580e-05
1.235840067061323683e-05
1.179662911868018590e-05
1.041653566027107627e-05
1.543110655462971161e-05
1.159324461187820330e-05
1.510897715421317746e-05
1.047736778517094838e-05
1.313524124270204413e-05
1.038543313705514603e-05
1.211999504807738560e-05
1.111691096883509847e-05
1.303805452501594100e-05
1.056344391046211215e-05
1.052686983881420790e-05
1.088134527594522474e-05
1.029071896466591038e-05
1.116467319286757706e-05
1.382464771011531783e-05
1.057190151670650208e-05
1.274513743825040901e-05
2.038167067668003528e-05
1.474056917141854612e-05
1.109652865871460693e-05
1.089207826469038120e-05
1.126534502518323325e-05
1.407320776961897940e-05
1.133701264081532188e-05
1.033873292952838013e-05
1.154789729001707123e-05
1.258234806190519400e-05
1.965423014914037856e-05
1.043287720020412475e-05
1.177295804048171952e-05
1.285029202603261850e-05
1.125061567454368611e-05
1.225339353205575775e-05
1.390244055113309376e-05
1.114018478796786607e-05
1.301302398815963940e-05
1.224414897430346077e-05
1.118084096188808820e-05
1.190105438063647874e-05
1.141390375872420679e-05
1.104159164059448546e-05
1.321747732777977906e-05
1.881770153497575412e-05
1.055749283789963993e-05
1.055066148189027481e-05
1.080368873934954373e-05
1.096337419602001870e-05
1.305368895086711864e-05
1.142752455266081655e-05
1.239151688954150099e-05
1.153001511599221992e-05
1.198203741638084549e-05
2.500435871266196386e-05
1.207611657740690508e-05
1.101582088713456189e-05
1.173805374430850489e-05
1.617919370782967573e-05
1.110358859394691793e-05
1.263567513075268130e-05
1.379825421778869009e-05
1.104865611119189819e-05
1.033944628132548355e-05
1.053902337904122469e-05
1.199806139659727479e-05
1.178977239434984133e-05
1.073219375166917828e-05
1.034445117645264482e-05
1.183251727442902768e-05
1.874900654776023124e-05
1.113820404225536559e-05
1.117231498115499663e-05
1.142406245977696035e-05
1.065870199500277218e-05
1.288646857100161509e-05
1.103979620984216491e-05
1.649844795194987658e-05
1.124054824578084811e-05
1.214077502752967937e-05
1.076042720113104978e-05
1.290961955664271190e-05
1.158655384812267201e-05
1.501975747487068917e-05
1.200680834706603794e-05
1.134819829877295442e-05
1.177039918745395684e-05
1.748953821951506617e-05
2.247358139203003210e-05
1.223990625701955508e-05
1.274827170056811498e-05
1.120108311460192676e-05
1.230278927114301888e-05
1.043763079552990363e-05
1.225103508570436655e-05
1.207442533494608812e-05
1.100866431456353026e-05
1.369871183642269567e-05
1.210524408449093605e-05
1.239183666524834414e-05
1.574297950594277855e-05
1.240199205333349454e-05
1.163653357355576629e-05
1.067296340235597421e-05
1.112535317892321299e-05
1.479439125185239117e-05
1.198699913983611481e-05
1.622843435124895581e-05
1.409744564813898742e-05
1.201765061650882937e-05
1.141060838419964100e-05
1.038425633852345752e-05
1.252184412344404874e-05
1.029601858065301183e-05
1.257916312002869391e-05
1.136467701238597666e-05
1.364994996962129174e-05
1.085603897327928427e-05
1.061861204499697338e-05
1.130749025478300674e-05
1.031185841694872628e-05
1.119329782483742653e-05
1.102972792604097132e-05
1.149491631843167335e-05
1.020994503852475424e-05
1.024798097581530742e-05
1.067848556479890799e-05
1.154075491822134226e-05
1.083910317467552824e-05
1.056867217579633601e-05
1.054060674401596513e-05
1.214760763386038686e-05
1.269224956440197898e-05
1.234025937684431847e-05
1.200933661852552720e-05
1.084403928576753547e-05
1.290893200396421268e-05
1.080811697119711786e-05
2.053422375809168946e-05
1.021829101549449972e-05
1.129453114992956132e-05
1.369794690620500767e-05
1.179986699170173514e-05
1.945393173068594327e-05
1.337122373487460884e-05
1.348054061513232475e-05
1.156019284425053346e-05
1.035830597507030942e-05
1.090346593557204674e-05
1.572013315103661229e-05
1.200583793028360998e-05
1.123182568772772866e-05
1.563218914356314236e-05
2.172282711940906567e-05
1.111572491923833349e-05
1.387989370783219295e-05
1.043492489589980228e-05
1.035426501640846582e-05
1.113173302128626400e-05
1.060367075441156760e-05
1.445167977172375455e-05
1.118741420761460986e-05
1.081871625499293877e-05
1.057231948687047304e-05
1.416856404143339591e-05
1.150232118897206535e-05
1.031943453833994097e-05
1.040522514394805535e-05
2.278884893506543963e-05
1.109963438680002898e-05
1.080951679859640412e-05
1.061723798354393322e-05
1.174899516024261299e-05
1.108889456788655818e-05
1.031639683585020898e-05
1.423050248811779018e-05
1.157262309370941442e-05
1.139842972723892422e-05
1.038721133702185450e-05
1.059474274957909814e-05
1.229942118229524636e-05
1.192930538282233231e-05
1.036833991505352693e-05
1.265173668269060651e-05
1.617933253372831154e-05
1.420341722388506022e-05
1.403501851001194052e-05
1.079743926961747113e-05
1.331135273112044035e-05
1.238427225672708663e-05
1.083626420193640336e-05
1.070735364630656913e-05
1.026663720800804297e-05
1.651067611096533307e-05
1.202318498485074389e-05
1.990788476345206181e-05
1.235924169516716568e-05
1.645787951770540537e-05
1.564353661320941615e-05
1.346752582865334479e-05
1.465941429040301547e-05
2.820155247932483840e-05
1.307748115530334630e-05
1.124574969282430961e-05
1.100071711588259893e-05
1.188928775143112957e-05
1.313071480946863978e-05
1.039297181546416749e-05
1.091681367805897730e-05
1.042809384709986981e-05
1.039920587955262647e-05
1.791180453343101738e-05
1.182244981170550480e-05
2.260153797218036257e-05
1.241181589567255863e-05
1.095950729080715446e-05
1.108252490943778456e-05
1.838491103255060629e-05
1.070838659369984891e-05
1.101016301790014281e-05
1.544926975897031968e-05
1.043391317004567994e-05
1.159596599946608372e-05
1.472341059899112007e-05
1.534445228625465297e-05
1.411246934923565099e-05
2.228246601692969074e-05
1.449005858426543480e-05
1.068319805680573013e-05
1.575809607363516586e-05
1.211560280090845436e-05
1.501851630073389361e-05
1.101087378541707986e-05
1.159238202459341199e-05
1.045142407636422511e-05
1.824018912507298853e-05
1.210819890188100881e-05
1.341695480234542319e-05
1.280826832047201176e-05
1.427832800617052160e-05
1.326934553775894286e-05
2.192676918240927370e-05
1.622692391107002552e-05
1.385025109332669438e-05
1.083635215109112030e-05
1.750503035194119823e-05
1.351550378163534721e-05
1.180382229024366992e-05
1.190212720584022730e-05
1.156506735009848872e-05
1.387650873811378720e-05
1.022297056785561578e-05
1.152142860548065290e-05
1.914338284197733740e-05
1.790846810429742213e-05
1.184229308933779581e-05
1.044206532067947112e-05
1.666850216338186115e-05
1.308617163328592198e-05
1.166128824490119623e-05
1.084524217798645790e-05
1.098514333047105993e-05
1.698660732119410089e-05
1.207249409343098020e-05
1.051562485798722836e-05
1.178374183549873445e-05
1.061749690016443426e-05
1.364726718973282587e-05
1.979640237100509080e-05
1.080855838691400337e-05
1.227926767439774862e-05
1.270780595965658672e-05
1.510746236981201995e-05
1.310329578208997917e-05
1.370249997621494860e-05
1.069336363111564866e-05
1.525934215165261927e-05
1.156424669822800428e-05
1.282934478976119027e-05
1.173508134128324916e-05
1.072289577775637723e-05
1.459271750052311867e-05
1.337259091769380687e-05
1.062935986137931174e-05
1.108512600691434461e-05
1.024931708156551549e-05
2.587681682057147510e-05
1.264254803425831291e-05
1.054148443544842535e-05
1.160290070960878570e-05
1.174858233822885362e-05
1.192476564345006814e-05
1.034222071173443867e-05
1.095118604028685834e-05
1.133294324554917171e-05
1.068138733518119160e-05
1.047191676877416133e-05
1.152761686017248654e-05
1.684100932684277528e-05
1.268458704814851885e-05
1.025803640699826815e-05
1.089723791663100433e-05
1.345608098550094350e-05
1.302215514717974256e-05
1.193550167807487418e-05
1.425345717541258569e-05
1.085783064473653096e-05
1.385647046642588863e-05
1.100439352418734913e-05
1.080521558140551955e-05
1.347597623626395580e-05
1.136965632532903125e-05
1.180899540237001955e-05
2.181748604497591885e-05
1.024712191600396665e-05
1.422102480394459183e-05
1.225061545912851558e-05
1.273996098228514445e-05
1.157290828935757547e-05
1.453038134649812624e-05
1.030305419801479233e-05
1.749460348360278020e-05
1.070311979642226571e-05
1.120184714008950550e-05
1.559866301936782071e-05
1.159397278368336112e-05
1.692339244148972951e-05
1.077110994157429813e-05
1.295565147689624392e-05
1.089296247430136900e-05
1.022049334348681092e-05
1.271656020184951675e-05
1.300832043286118521e-05
1.120751744860962193e-05
1.196920391879315374e-05
1.438576321411345514e-05
1.033276756410028029e-05
1.389461746494132016e-05
1.360032630799741250e-05
1.181821701099542069e-05
1.126224524118336700e-05
1.418896497689473024e-05
1.065876635628470456e-05
1.144518092311785326e-05
1.445928392642605940e-05
1.083404190553268020e-05
1.270368300011357883e-05
1.380163169719847699e-05
1.025509595005197161e-05
1.161000049353834344e-05
1.149748676758670965e-05
1.067049903899425898e-05
1.274049587244942349e-05
1.210545811884374337e-05
1.731094071997786284e-05
1.176216079796211063e-05
1.127091949297180930e-05
1.063974211154478358e-05
1.075688683891135344e-05
1.205809550909783180e-05
1.313133031426114240e-05
1.082022930564605836e-05
1.599925928977617725e-05
1.142445585065452035e-05
1.149829141333326402e-05
1.161649015153402043e-05
1.028768261457768793e-05
1.034423598512116847e-05
1.022035836343431727e-05
1.088162156463559998e-05
1.261728352940421700e-05
1.349086351994556595e-05
1.341615457803742759e-05
1.883587646680103092e-05
1.120606132047086607e-05
1.051239420241510911e-05
1.032053829213269968e-05
1.042532866646714922e-05
1.471587155926490432e-05
1.198695762316665191e-05
1.115004679335362587e-05
1.728965954002406252e-05
1.168729275355433750e-05
1.189659734786933232e-05
1.087534973079616064e-05
1.191857396597791226e-05
1.115709244833556735e-05
1.855642754579014980e-05
1.035441251621156130e-05
1.025456360152270788e-05
1.862591882600980286e-05
1.526959001402628584e-05
1.144268754724043748e-05
1.038947212007989457e-05
1.382423530811463267e-05
1.066833697351336313e-05
1.053657723315121311e-05
1.321426235434295292e-05
1.103932003108924408e-05
1.078968193296789471e-05
1.521387052603368074e-05
1.091836977714259068e-05
1.025865098516454473e-05
1.695721000952789913e-05
1.022675997861903407e-05
2.006148903495594607e-05
1.041592166969648324e-05
1.109984423645854464e-05
1.114036575339328741e-05
1.059339093898448779e-05
1.182251614274269818e-05
1.357800477134546652e-05
1.118455899854647702e-05
1.087281299561586847e-05
1.065841990063809456e-05
1.153806232754707141e-05
1.088565428257484207e-05
1.315353569775824498e-05
1.146094900119784997e-05
1.089835934536276127e-05
1.735950242307239885e-05
1.154100691048855758e-05
1.057205784507440617e-05
1.036603361661764998e-05
1.284462242137825668e-05
1.103833963123926831e-05
1.194740630360728435e-05
1.283433167764314419e-05
1.078693579231480767e-05
2.690135850381995201e-05
1.164775442206247518e-05
1.310514788361943038e-05
1.039831386733395083e-05
1.319690872112640484e-05
1.209427987747056760e-05
1.110859260224297552e-05
1.262622841173309109e-05
1.360100050922014210e-05
1.134493357335785970e-05
1.096076765230351999e-05
1.260727344510790914e-05
1.288409454115391988e-05
1.191554738531785921e-05
1.049772245461720561e-05
1.857905192244476388e-05
1.431068559271190862e-05
1.057506650616642167e-05
1.619349034735775186e-05
1.681234373732533403e-05
1.169720631784763979e-05
1.170694668230606628e-05
1.102678730052548920e-05
1.188445123504094697e-05
1.070792632434529107e-05
1.316350439533698973e-05
1.204894377429611057e-05
1.383909878888508467e-05
1.149602341404346819e-05
1.084052225217295952e-05
1.071881350521258150e-05
1.558807128020194948e-05
1.331244114266003366e-05
1.241313109021705528e-05
1.827410345222853236e-05
1.196412003136627469e-05
1.115281816725504809e-05
1.090842161978361749e-05
1.055363990335075514e-05
1.174894128352656842e-05
1.412963575357025793e-05
1.075834614165754528e-05
1.035125322336330147e-05
1.178637306189462766e-05
1.222547109372687640e-05
1.903957945305025161e-05
1.160067264361631359e-05
1.054113119585700543e-05
1.251305352745422838e-05
1.172432226557014074e-05
1.147078748323759862e-05
1.101877345840732579e-05
1.132444469703569416e-05
1.033705211931872595e-05
1.050165429644397654e-05
1.223196264525699050e-05
1.149894783258571397e-05
1.027307896576772672e-05
1.154247288690915617e-05
1.034131680507119848e-05
1.251424064827396819e-05
1.103703109550570343e-05
1.183020682991598051e-05
1.039561498590412517e-05
1.209418556358223225e-05
1.092594302059590172e-05
1.283046194470164507e-05
1.538545577930815748e-05
1.145662970806170753e-05
1.023845880341972097e-05
1.129328961594387598e-05
1.364035095661390011e-05
1.657133962678124180e-05
1.362932613860421555e-05
1.099196176436432980e-05
1.043983636508892329e-05
1.023061567997143049e-05
1.089140485838951918e-05
1.053918042254246802e-05
1.233126707524233453e-05
1.541996208369228040e-05
1.099822345771532596e-05
1.358121524931055556e-05
1.301755238482992517e-05
1.130098580654731654e-05
1.220151833260011860e-05
1.178368518978047553e-05
1.206476395168176949e-05
1.040226293938572848e-05
1.253690460297645762e-05
1.039931264412265739e-05
1.200178379858190306e-05
1.224036844031400572e-05
1.109093270193976433e-05
1.663126363473053915e-05
1.552773411858613737e-05
1.220956920991126554e-05
1.233422713001110413e-05
1.052748438856634922e-05
1.077199528887294391e-05
1.134925492866038150e-05
1.027249473091559651e-05
1.161375779847313238e-05
1.211114749667594107e-05
1.242948730541501160e-05
1.653474048395041655e-05
1.247019614275827261e-05
1.598585188449744982e-05
1.099578734052821574e-05
1.027887791568089294e-05
1.060411173273122367e-05
1.062905080928642438e-05
1.579068829888776758e-05
1.069091683682579707e-05
1.100621014202626005e-05
1.042734948105009725e-05
1.023886684105570832e-05
1.120207451202665078e-05
1.128416926609186284e-05
1.073424484080651819e-05
1.696199614542621964e-05
1.162498500515695542e-05
1.260676166684774256e-05
1.319335310534010342e-05
1.179009238889162575e-05
1.162422539179736284e-05
1.068745336651844111e-05
1.037929291402745171e-05
1.121550137192952847e-05
1.090902936978746556e-05
1.219038778269567423e-05
1.556914957965829379e-05
1.799485321575623661e-05
1.087483619027413187e-05
1.263589563021348707e-05
1.381483441684183870e-05
1.112901499493061186e-05
1.231566705947796177e-05
1.260860185908849709e-05
1.957448630923068407e-05
1.057711063797991830e-05
1.370031264827022645e-05
1.180738037962074460e-05
1.352440263414629919e-05
1.803943440747528756e-05
1.022581623822392018e-05
1.029726319331170502e-05
1.335815135587273373e-05
1.061511607663070465e-05
1.177460417419178181e-05
1.035557839280010052e-05
1.139240624021497882e-05
1.213556223819347327e-05
1.237067428597330755e-05
1.122045724393122589e-05
1.248716716184686380e-05
1.214132591677594963e-05
1.108533450654124897e-05
1.199392792706995543e-05
1.535286601740319009e-05
1.201741319123976159e-05
1.177799547687474600e-05
1.489265384241675186e-05
1.275771379643641373e-05
1.067658538605463332e-05
1.025850087621699662e-05
1.045867844738063943e-05
1.229076165781840859e-05
1.885876877835418323e-05
1.163414553238282387e-05
1.156902002901164609e-05
1.093522391785056949e-05
1.253593004556384373e-05
1.656148932983933966e-05
1.205790221138720996e-05
1.180755568469941036e-05
1.298973119921638611e-05
1.393568258056842365e-05
1.064300658261700585e-05
1.383361951838064122e-05
1.087423777581554145e-05
1.181608138931474683e-05
1.047616647620837064e-05
1.427388585029867055e-05
1.748564718842773004e-05
1.439077171639403446e-05
1.448837279984903635e-05
1.719109698083784188e-05
1.154720138142401621e-05
1.310590951698676158e-05
1.391846580111574679e-05
1.150241483239775460e-05
1.304000644770065366e-05
1.330976568536489159e-05
1.144127234624708745e-05
1.065889507713960581e-05
1.433897413037873831e-05
1.109478112581863880e-05
1.050312754867187824e-05
1.539168544821729539e-05
1.110007102752068287e-05
1.099879968335554744e-05
1.102606468997229081e-05
1.155054309989822714e-05
1.455096994589913292e-05
1.295558386080845271e-05
1.252287948750931902e-05
1.125320456429047654e-05
1.477259027654981386e-05
1.162720367110482849e-05
1.089343625971576327e-05
1.322563342664985127e-05
1.073214057419004977e-05
1.940938026428668976e-05
1.328299586438202282e-05
1.147385064779035773e-05
1.063096075543463928e-05
1.124714170046927100e-05
1.086400420413678405e-05
1.020636595174687222e-05
1.023287259810924927e-05
1.480292295715064939e-05
1.147960066524018248e-05
1.112644213379341338e-05
1.074676811365469381e-05
1.074568700651608782e-05
1.042657844843689706e-05
1.104347374055590121e-05
1.247281308240948628e-05
1.235398881597900448e-05
1.387914353666214363e-05
1.536906135967040123e-05
1.068877607414329201e-05
1.030715212684238819e-05
1.037125844756014274e-05
1.192964357889754871e-05
1.232186682226695584e-05
1.126388353932086578e-05
1.042466379940360779e-05
1.118100786011210090e-05
1.228652265880673773e-05
1.838565552851516505e-05
1.120425215257985895e-05
1.234054806894714645e-05
1.068932617952266896e-05
1.027347295715631318e-05
1.129273572552080096e-05
1.136076283401798526e-05
1.223065718442968474e-05
1.053382592210818354e-05
1.043538827714608418e-05
1.081801094951411621e-05
1.026975063655040242e-05
1.341694634174454418e-05
1.047503098772318439e-05
1.564571366106305258e-05
1.731181711970816015e-05
1.316337230759652852e-05
1.905993133519924342e-05
1.079588710659444843e-05
1.117358831599896113e-05
1.142535371329893236e-05
1.023461952895319405e-05
1.194794187742099461e-05
1.409953369466195868e-05
1.272776014254405855e-05
1.128633552184345110e-05
1.146087665430785079e-05
1.292087850480183970e-05
1.170956925039598592e-05
1.193203236858284417e-05
1.137749665604624679e-05
1.229847203248944385e-05
1.030839781921792134e-05
1.044284817851605509e-05
1.195843665672334551e-05
1.325154144399216418e-05
1.051813221001113074e-05
1.210124767868749071e-05
1.202330361443770208e-05
3.011600938094882501e-05
1.666325411528046349e-05
1.136277876608036746e-05
1.035283853052594818e-05
1.027546974573137649e-05
1.444267191196638167e-05
1.224853643701406377e-05
1.048528345732132092e-05
1.173231063881760209e-05
1.462237525562882846e-05
1.021396075362487250e-05
1.380260080692839931e-05
1.819501263392690206e-05
1.032818575686767520e-05
1.193227229941128752e-05
1.511119345809444336e-05
1.278981875667238046e-05
1.105996665933290032e-05
1.197900123768966369e-05
1.275552226483265072e-05
1.362522248121269519e-05
1.376875459599891097e-05
1.257564860041311114e-05
1.213766825612467044e-05
1.031950202316436110e-05
1.024034118865632765e-05
1.573782861631340722e-05
1.042911722335729049e-05
1.901135982376312951e-05
1.280844515181411559e-05
1.051461489493584786e-05
1.192506283144696312e-05
1.036202094352993040e-05
1.026768604929486114e-05
1.093395877723937798e-05
1.074592978164191823e-05
1.213130601312081475e-05
1.303986293868554050e-05
1.649876286664717900e-05
1.195011823798109976e-05
1.113720506043321161e-05
1.170980626516780174e-05
2.018522247394811530e-05
1.176617192726109411e-05
1.474788614859641285e-05
1.392832875281958508e-05
1.160499201784486286e-05
1.170016773509266093e-05
1.151724781284161600e-05
1.200169538597621426e-05
1.426753386193192862e-05
1.179880107123622540e-05
1.022595302009448256e-05
1.164629519057131219e-05
1.119147656428581817e-05
1.564144133724726691e-05
1.140388791002859898e-05
1.073629620606963799e-05
1.033396642831528795e-05
1.076254684407509452e-05
1.042125870650276783e-05
1.145172948069204136e-05
1.103355686803402991e-05
1.129404794284922194e-05
1.099341540792344225e-05
1.286327841417286078e-05
1.060968649376942976e-05
1.133754173975485223e-05
1.768384833008366714e-05
1.094146823952881777e-05
1.039317353583530588e-05
1.029525748835579394e-05
1.354124493645542717e-05
1.137848971338400900e-05
1.365964617336823332e-05
1.018911890621321954e-05
1.047080432967321470e-05
1.246754882687756800e-05
1.219419273056636494e-05
1.128567048467048786e-05
1.049603474246128059e-05
1.111738291649832974e-05
1.021997315158483315e-05
1.563826477077816636e-05
1.189707930774501756e-05
1.030426104333976947e-05
1.101884701877325421e-05
1.109623743128549891e-05
1.024736737242278479e-05
1.450440270879864754e-05
1.065625584404258740e-05
1.038218309326162462e-05
2.289818365846295624e-05
1.329444697372988423e-05
1.174739954078763221e-05
1.278964154484860276e-05
1.052388095369846421e-05
1.073732529857397553e-05
1.140086546149568489e-05
1.984147704378501695e-05
1.148707881749334949e-05
1.104363259757864887e-05
1.034938532904934391e-05
1.230430081952879143e-05
1.117470531170038637e-05
1.179721535341801626e-05
1.077863363380112625e-05
1.305325817796571946e-05
1.038939002687992158e-05
1.307080683975201470e-05
1.683015382723951353e-05
1.028601668364359334e-05
1.108677857535876439e-05
1.103985578045374121e-05
1.133811973725652799e-05
1.805757130113582734e-05
1.613091298876368840e-05
1.150780985845865239e-05
1.458911466713344808e-05
1.029451255860290481e-05
1.534147656346430047e-05
1.167390353350665631e-05
1.018738392353591636e-05
1.629710962315902373e-05
1.074689529224661093e-05
1.113197648527802378e-05
