8.333333333333332515e-08
8.333333333333332515e-08
8.333333333333332515e-08
2.083333333333333377e-10
1.032274588136813817e-10
1.028291470230820620e-10
9.219245090922293129e-11
1.193969698494765399e-10
9.294668801521793950e-11
9.468180894521432256e-11
3.276866389249041624e-10
1.437015073313242761e-10
1.671141351864876568e-10
1.060708918440819343e-10
9.442643873039256060e-11
1.050960861268628359e-10
3.196092150132895494e-10
1.327661959707449211e-10
1.822012691886055070e-10
9.294959161433934038e-11
1.178867583389934224e-10
9.777884730164717588e-11
1.002401131710893608e-10
1.061387026058519042e-10
1.061545005152505092e-10
9.635031384724491405e-11
1.046343584296452229e-10
9.259201318658508130e-11
9.291974528273001238e-11
1.491793674544123143e-10
1.114146534544786555e-10
1.421792774058681195e-10
9.180490307668339300e-11
1.953799978564136340e-10
1.767950558845278760e-10
1.853780839578677263e-10
1.298140469148528506e-10
1.116671425249460505e-10
9.514998334292382605e-11
9.442389311398460990e-11
9.469180807077022071e-11
1.241844509455160382e-10
1.031089316082664911e-10
9.222104129889622698e-11
1.107790155455239832e-10
1.071453719094820555e-10
1.091098992862881778e-10
1.236531559882086893e-10
1.347057731417438882e-10
1.059105524388913262e-10
1.058033013601520718e-10
1.990913929635049760e-10
1.005984685820666290e-10
9.754666939304317685e-11
9.269651914658576277e-11
9.637172704937697717e-11
1.528508150425111958e-10
1.087902573814004108e-10
1.146240753088951103e-10
1.070410575398606633e-10
9.822516344527972397e-11
1.538157008280643430e-10
1.311098283882817632e-10
1.240999232417329138e-10
1.192268675227893067e-10
1.165619019880190468e-10
1.972216196604428463e-10
1.150523968899918289e-10
1.026408729398296935e-10
1.047045814291412880e-10
1.149628263642180532e-10
9.756213203710401352e-11
2.504501167408866374e-10
1.872137811332869699e-10
1.018705919117712344e-10
1.177537057219275344e-10
9.196833239629737189e-11
9.315216371814778818e-11
9.404088904779922158e-11
1.129047553886153882e-10
1.294631939354915251e-10
1.285112215321629292e-10
1.443841858490511408e-10
1.183573522848801648e-10
1.072027639032204190e-10
1.548701796734247817e-10
1.164606358466509344e-10
9.901060105831480538e-11
1.430539243679322402e-10
9.850578022012825563e-11
1.889142148774237824e-10
1.277610295844077552e-10
1.104394679905221890e-10
9.619560869644459956e-11
9.637000789489466109e-11
1.843944615758339309e-10
1.033320466257847632e-10
1.042913743176573118e-10
9.937405121496381453e-11
9.918721422306033155e-11
1.205916928031704430e-10
1.504612548161340323e-10
1.030053251540941814e-10
1.863957737971455101e-10
9.482234680723608504e-11
9.960416733981620522e-11
1.579529914902011469e-10
1.300590308825787175e-10
9.516673429730874001e-11
9.933539952194808716e-11
1.462501132092879326e-10
9.221941705275569119e-11
1.114095600208444063e-10
9.246358517640997041e-11
1.044410686123572186e-10
9.209394959792114725e-11
2.464869770115533865e-10
9.427837494128674147e-11
1.122848432023479035e-10
1.145151296596044656e-10
9.293168482185629529e-11
1.243593573079048851e-10
1.213873061838256297e-10
1.306463815369577619e-10
1.009503082515419612e-10
1.539392979331257908e-10
1.185518857911055757e-10
1.020635274984103317e-10
9.800961982859878705e-11
9.991531478732778591e-11
1.043752087767693620e-10
1.194103149427171080e-10
1.147475538827707370e-10
9.707744036638818609e-11
1.031653389143828340e-10
1.252468354578560195e-10
1.232808391113975111e-10
1.736855903316140423e-10
9.215133862693751490e-11
1.009962191295337780e-10
1.073200277039634849e-10
1.163987792792194876e-10
1.053318523742094612e-10
1.045755894922904109e-10
1.219498754065658773e-10
9.585665550783623479e-11
9.445952628105365160e-11
1.143876650430620483e-10
1.185325884487240253e-10
9.258408205262255130e-11
9.274436980421602653e-11
1.884036694557998677e-10
1.017937452333769011e-10
1.069991357395201636e-10
9.424172562360383469e-11
1.027665210258083445e-10
9.839257393181826329e-11
1.273029828187217263e-10
1.369701021261198020e-10
9.762875151037030805e-11
9.408574688487062635e-11
9.952503196608883172e-11
9.718205716658520471e-11
1.006744583642212217e-10
9.538284311098607096e-11
9.783947697393580721e-11
1.151098023968618895e-10
1.088350876052139944e-10
1.151754735444460018e-10
1.094241090878291284e-10
1.165886286994423848e-10
9.472830497420473714e-11
1.650635686650184076e-10
9.260479886524816170e-11
9.205019586451172358e-11
1.065456327534562617e-10
9.460019422904235394e-11
1.075012528940942146e-10
1.034991066433354875e-10
1.172139855800829919e-10
1.533294978243555993e-10
1.432824051081361654e-10
9.453822753465162188e-11
9.209427483636854768e-11
9.519075003260615726e-11
1.225909844497977201e-10
1.794229980112621137e-10
1.197241315312713417e-10
1.272358365631716691e-10
9.824959942241062801e-11
1.204283405734366938e-10
1.234442812400344998e-10
1.032401143073851865e-10
9.646545849779070676e-11
1.041092138927201045e-10
9.331272252470631140e-11
9.296523742134702454e-11
1.183377660195735925e-10
1.427263982706282507e-10
1.075902750612971956e-10
9.515899125227876802e-11
9.208061395612888572e-11
1.203602949500153698e-10
1.490401584076540291e-10
1.021033541388188840e-10
9.396054513438297620e-11
9.421702013478998307e-11
1.496461945443268564e-10
1.315330418485445436e-10
9.766320490858983174e-11
9.532337308613988984e-11
1.001694255646290780e-10
1.666341767959796483e-10
1.042406075900863263e-10
1.099117812470615288e-10
1.074168565618346786e-10
1.114639253477850056e-10
1.318025612562642485e-10
1.404046826959689354e-10
9.299507097688294504e-11
1.456009113110903329e-10
1.705645704962920227e-10
9.853000200456035895e-11
1.479673660844436363e-10
1.106188450080392138e-10
9.347191632852855390e-11
9.798451536622043458e-11
1.364717836101822868e-10
9.409643976302587637e-11
1.059620567492382263e-10
9.771339822462750117e-11
1.095357963824587762e-10
1.321676528214309667e-10
1.000667904462178429e-10
1.011127147801685164e-10
1.022236431625266178e-10
9.561630807751957017e-11
1.028679761003817380e-10
1.158965039646325809e-10
1.079590233730350556e-10
9.988744924306744737e-11
1.078575222085232827e-10
1.912878398265773062e-10
1.172482178441412859e-10
9.531011804752904378e-11
1.578998347759863139e-10
9.502268659603574190e-11
9.718655627170710960e-11
9.291199999899339543e-11
1.121903323279684535e-10
9.586874538921255061e-11
2.484502129812978009e-10
1.033995161673591411e-10
1.102364952388355141e-10
1.017760156363186155e-10
1.052608382683032171e-10
1.205586781154898144e-10
1.297681577201857024e-10
1.282389462475978405e-10
1.423545607000951686e-10
1.082614743878804930e-10
1.732324531674468370e-10
9.997571726619873091e-11
9.510967566142706740e-11
1.047489039251229914e-10
9.821302032121400773e-11
1.230368343156294942e-10
1.067808817021678274e-10
1.376685267436109852e-10
1.510373010035456988e-10
1.112802286616215034e-10
1.109704834460111528e-10
9.674181469543932437e-11
9.572845207751681423e-11
1.277909451873602102e-10
9.412787385949962758e-11
1.081723706660625258e-10
9.320753396476689315e-11
1.585345625657462550e-10
1.135636767683848690e-10
1.149186210970493930e-10
1.106804730624860322e-10
9.273741986750353231e-11
1.654414704699029608e-10
9.758594031596163401e-11
1.946977105099319482e-10
1.289661160167222852e-10
1.155564153506669659e-10
1.253083305944018652e-10
1.149671121445525957e-10
1.095862256825863961e-10
1.441517399079091139e-10
1.153127287566421767e-10
9.394344632837430138e-11
1.163945396605843187e-10
9.328426430482731887e-11
1.428432890839212729e-10
1.417443097334908205e-10
1.253005054073123903e-10
1.443838566816799560e-10
1.407710396084637780e-10
9.196849520998275552e-11
1.618000236802566823e-10
1.211361296417934262e-10
1.049997071143766073e-10
1.740660648970389902e-10
9.291199999899339543e-11
9.704466912892798489e-11
1.234091659775726911e-10
1.303020513446535457e-10
1.007040882983885196e-10
1.134982738956352242e-10
9.256303738722766276e-11
1.334666780056684238e-10
1.006141220689223464e-10
1.025398134039608423e-10
1.481652846000966662e-10
9.557758932585723506e-11
1.228174362470771319e-10
1.183539575354220036e-10
1.580279320952064378e-10
1.120749373738173369e-10
1.357469014822296090e-10
1.260072710103862554e-10
1.180187634369338472e-10
1.036308836809588174e-10
1.406710538152580943e-10
1.948159320763710881e-10
1.054993144585255511e-10
1.098298442490806236e-10
1.153406434245815612e-10
1.098437828868309631e-10
1.019952853387703291e-10
1.401355034953816301e-10
1.395717104884567248e-10
2.154628070552991661e-10
1.394017423657353379e-10
9.788064937763115793e-11
2.138738217537237003e-10
1.125901941229015305e-10
1.211626109292469381e-10
9.501176850284754332e-11
1.197090072185858063e-10
9.322603794889703835e-11
1.039517884695474706e-10
1.215686628266652175e-10
1.083634906410537039e-10
1.285874993447249121e-10
2.303939159804551220e-10
9.338728884167887702e-11
1.027100699376460543e-10
1.054253650846975540e-10
1.117106862137614903e-10
1.224288277365727594e-10
1.218793921969121879e-10
1.200236879823179796e-10
1.107853794165447766e-10
2.300809997585012379e-10
1.231479814620476842e-10
1.040953360909925205e-10
1.086342796578467880e-10
1.307663267377958794e-10
1.350600327989559329e-10
1.347796735552936451e-10
9.791148020515506314e-11
9.692934921676688064e-11
1.793721851956092006e-10
1.009842180488698581e-10
9.294281642625622637e-11
1.158387744897134123e-10
1.061924071072734967e-10
1.150536014586921068e-10
9.332783284255910670e-11
1.034763463044565665e-10
2.475247321386785939e-10
1.556960726011782450e-10
2.199607605777415926e-10
1.367722308895219756e-10
1.020666487336223041e-10
9.310804006002798810e-11
1.350416527477656937e-10
1.092820844759931322e-10
1.153131294874825738e-10
1.536290508711737461e-10
1.173821662571806720e-10
1.674137747511465205e-10
1.121755544340473872e-10
1.165687826440334925e-10
1.130614090348643324e-10
1.527845176231498239e-10
1.476055986472452029e-10
2.215310759080310712e-10
9.537022618932897980e-11
1.104273987201613006e-10
1.044940797749280802e-10
1.109931363188194838e-10
9.887987023151275863e-11
1.079864723783395254e-10
9.394120889995694531e-11
9.737597391150909030e-11
1.376512526518115597e-10
9.364994503460043022e-11
1.038768760700383135e-10
1.458636359266501271e-10
9.401597768054976889e-11
1.739869526035615976e-10
1.197828032126963580e-10
1.484165352334705254e-10
9.518632647974090446e-11
1.093267381781150980e-10
1.014700149665887551e-10
1.598580286679201203e-10
1.026840519219711489e-10
9.898022267490549180e-11
9.775770403328879772e-11
1.221796524690387474e-10
9.402444180561566516e-11
2.183056961754442231e-10
1.144403869941676060e-10
1.317250614293773123e-10
9.337507896142858200e-11
1.685252665514480262e-10
1.460869633952761085e-10
1.898721335852576025e-10
1.053548398174540010e-10
1.035544473893966906e-10
1.105939082709557761e-10
1.513633526862145904e-10
1.094846478680341909e-10
1.257043725646257117e-10
1.053713186795645505e-10
9.925379210226966213e-11
1.953016704391230532e-10
9.349743593753348504e-11
1.247151363639098582e-10
1.094108229868155846e-10
1.334401123963547511e-10
9.964166527680886018e-11
1.211542960946100376e-10
1.313807032593794785e-10
9.707091795338200766e-11
1.069054013648582887e-10
9.738031030814216380e-11
2.115819379188144995e-10
9.318580779416462234e-11
1.124660109392893292e-10
1.954675572766306808e-10
9.370025259701995967e-11
9.483930687951022201e-11
9.309579813954280829e-11
9.890538683158533296e-11
9.222948697535752267e-11
1.371502795185349422e-10
9.703488247448594767e-11
1.068150230063446194e-10
1.280961005918389652e-10
2.354868956574428957e-10
1.182860446448191632e-10
1.770760892835619423e-10
1.070451919050276309e-10
1.225718647912521129e-10
1.184382787792979523e-10
1.209625325821688131e-10
1.156589068436043156e-10
9.701748184483584375e-11
1.491394831516249531e-10
1.118276449333927360e-10
9.948521562998324333e-11
9.976090862066579016e-11
1.118874556650131575e-10
1.015617058118670354e-10
9.844014058385898739e-11
1.417017079470892270e-10
1.140043883243743216e-10
9.376142294390465171e-11
1.091558759463657885e-10
1.288655537909457865e-10
1.260254394885243012e-10
1.194939835543963225e-10
9.244057149923602422e-11
9.917547905697071530e-11
9.401310292035617635e-11
1.109967272564234781e-10
1.101308534453673735e-10
1.651621144141684736e-10
1.190253743370552198e-10
1.298306646966618786e-10
1.045917392820177688e-10
9.773300609868871997e-11
1.295855442733272041e-10
9.235609101800150868e-11
1.049566376387766919e-10
1.055739400009140249e-10
9.756506969706265522e-11
1.102110659060192751e-10
1.221758428818258978e-10
1.001441909997561483e-10
1.404203109162675795e-10
1.335320144222396324e-10
1.314980378901898380e-10
1.129073406282852574e-10
1.221970482630666256e-10
2.269370079840352835e-10
9.917730799394369098e-11
1.365870099767172274e-10
9.308951555450045546e-11
1.329106560770736913e-10
1.741214899847921902e-10
1.015525997017236625e-10
9.384143611758831008e-11
9.900846415231906178e-11
1.228025193900560536e-10
1.379759400647798034e-10
1.648053493371144288e-10
9.876887474170873261e-11
1.626061021353747569e-10
1.872828267640548295e-10
1.089091134471065535e-10
1.338311939820864434e-10
9.274614762180556864e-11
9.740539614408135100e-11
1.186037663671945977e-10
1.369302260879015889e-10
1.212248923522624918e-10
1.093663392363547941e-10
1.089846390338467094e-10
2.159246221834680217e-10
9.344831730293423486e-11
1.421663765586788072e-10
1.175846769210908999e-10
1.342063067541722764e-10
2.019592352391889135e-10
1.149782277358133480e-10
1.027833624293821615e-10
1.445491258290528712e-10
1.106311730220260575e-10
1.246511392522459576e-10
9.323424303505518824e-11
1.581901799440585240e-10
1.103936818835395086e-10
2.480288582699327849e-10
9.867047759976131766e-11
1.803634841022542897e-10
9.447352180767301313e-11
9.211216140350403357e-11
1.164777174977354238e-10
2.024609601508643825e-10
1.828992061950644431e-10
1.282473445975135937e-10
1.435601979412682291e-10
9.389069453404952821e-11
1.155882775299997624e-10
9.735630313365584862e-11
1.813770012931032741e-10
1.018900933644915844e-10
1.389843648611856780e-10
1.786622104176092694e-10
1.126031513929053180e-10
9.429175680205262068e-11
9.841589944899326062e-11
1.206198197018811011e-10
1.060872733408927383e-10
9.678464103009184642e-11
9.723711988556976950e-11
4.314206196529075872e-10
1.140676492902136489e-10
9.751063310942750816e-11
1.057834242734030394e-10
9.572090602063898309e-11
1.175408101938241900e-10
9.616821150200518344e-11
1.493776906282570683e-10
1.072528709027067200e-10
1.876983780800419149e-10
1.016185655224144066e-10
1.283921100660579445e-10
1.135027434644060881e-10
1.106144121698487633e-10
1.116377386987969612e-10
1.475208771553442675e-10
1.215973569859607464e-10
1.253313068474784740e-10
9.487147617395175636e-11
1.517033971602776884e-10
1.184873332221789300e-10
1.854776932923464841e-10
1.142098406712655041e-10
1.180537074352933507e-10
1.086725538211868408e-10
1.000571116935036188e-10
1.049434381721119829e-10
1.593073677693504536e-10
1.259703090040110469e-10
1.258867077270555014e-10
9.986730306478063725e-11
1.073561519551332258e-10
1.398983592878102231e-10
9.683227557846510091e-11
1.007962382694829615e-10
1.049105056967167850e-10
9.970418498315235467e-11
1.335315444759766972e-10
9.506255204963621890e-11
1.574495048331817637e-10
1.823346027699088364e-10
9.781387150546251817e-11
1.224774944748304816e-10
1.456762666376430684e-10
1.213956070519687523e-10
9.846729059021144524e-11
1.945963277231003129e-10
1.582576305582263713e-10
1.353029557068275076e-10
1.315206604277065004e-10
1.096845114382199734e-10
9.698251696667747786e-11
1.236780343727186875e-10
1.424519574405223202e-10
1.654478987898642942e-10
1.218876637342243884e-10
1.329224523028545117e-10
1.124258645679506064e-10
2.201383369594773700e-10
1.128403798236451268e-10
1.041950741935144704e-10
1.192987201537509318e-10
9.424682540589590467e-11
1.230209309473410165e-10
1.162175474966121363e-10
1.667272661761179589e-10
9.268600850639017534e-11
9.716685194532940144e-11
1.230356984204022749e-10
1.015590188372754323e-10
1.385449575978611561e-10
9.910092475331460125e-11
9.581676513711920842e-11
9.415977725443856726e-11
9.441036851979539138e-11
1.636296108346768100e-10
1.450266762829827360e-10
9.415371633727520994e-11
1.278588125686535815e-10
1.246492675590677763e-10
1.128738645707273658e-10
9.462592380222579411e-11
1.245216848926920404e-10
1.241197135008462183e-10
9.948171963700596609e-11
1.015263223292636439e-10
1.088741427786840807e-10
9.811428946209440529e-11
1.258399390838984727e-10
1.219505113743093284e-10
1.349159582867044877e-10
1.409720574854708512e-10
9.323327776359558362e-11
9.913706456080902095e-11
1.551815506105240485e-10
1.052343599631503359e-10
1.177509515202120974e-10
1.236273934492856099e-10
9.346340843733576244e-11
9.396661695241765504e-11
1.177547549268020304e-10
1.397049121242610990e-10
1.082854691739733341e-10
1.152338946583381196e-10
1.228462541589643295e-10
9.343177882381639106e-11
1.140250290720649563e-10
1.017740786258399301e-10
1.089425300450848079e-10
1.034507907685537271e-10
9.612389186655789014e-11
1.734717197885487836e-10
9.606513687575093355e-11
9.384559516985642166e-11
1.068692866003311794e-10
1.044295603328613684e-10
1.030589819789691764e-10
1.395492167967079625e-10
9.584534947648488799e-11
1.177193397403429541e-10
1.033413094331292573e-10
1.379541323467114677e-10
9.183359901342313581e-11
9.705010578603732691e-11
9.229491803782056598e-11
1.026553662877711958e-10
9.882591497486378758e-11
1.016627207877135064e-10
1.055961599654160785e-10
1.061691476478184510e-10
1.422608848957234104e-10
1.109627473919572842e-10
1.020997881281695635e-10
9.787648656489826432e-11
9.292910341361623487e-11
1.773906406633193146e-10
1.035268536481603258e-10
1.025888004263010576e-10
1.471584733558046089e-10
9.392122979336052125e-11
9.950862081407041269e-11
1.081500493777016200e-10
1.081278653697245768e-10
1.251602005177272496e-10
1.170467800932412735e-10
1.125141973349998444e-10
9.243846436280756699e-11
9.466926905326737394e-11
1.667506765124864130e-10
9.488858698334762639e-11
9.690384451628137234e-11
1.010650512271261661e-10
9.582100614230838278e-11
1.392301202365536591e-10
1.010488591304288275e-10
1.122548972200891634e-10
1.199975029169594794e-10
1.120165843502066067e-10
1.494902305504824769e-10
1.520551503194783180e-10
9.357459968781156695e-11
1.544948792379221987e-10
1.175527633265462158e-10
1.068247351054857930e-10
9.774149662963690669e-11
1.000823654691367318e-10
1.060339535044803258e-10
1.134095278392202950e-10
1.107267090074252727e-10
1.203938717600839371e-10
1.066103178408421235e-10
9.468307872665898398e-11
1.189212651869721201e-10
1.141254879935415199e-10
1.092965041875021328e-10
1.150782257780655435e-10
9.186277603995847792e-11
1.871919266084909275e-10
1.945726650887949827e-10
1.006675386004506913e-10
9.628714408652107936e-11
9.576051701436434865e-11
1.566372225063429735e-10
9.834053445294985183e-11
9.385231329823264326e-11
1.070689974273921453e-10
1.025691192794258531e-10
1.441912909322967376e-10
1.231182162616491069e-10
1.802966424975432195e-10
1.949585588248467734e-10
1.071466539101824482e-10
1.292317306552483106e-10
1.029507587996839806e-10
1.346305541235440010e-10
1.386239998493909517e-10
1.166535707904221651e-10
1.023639722591536580e-10
1.228027722313494693e-10
9.881169584354856066e-11
1.466946830356063595e-10
9.695733542305511371e-11
1.153995253220931064e-10
1.139235476416544620e-10
1.667979720955910861e-10
9.454140617835018382e-11
9.357524114876310900e-11
1.607761220518911176e-10
1.162968585219429893e-10
9.643797220156593463e-11
1.129772585222164665e-10
1.205834719862733252e-10
9.818181107690159440e-11
1.475617899241128397e-10
1.219226532664895248e-10
1.708379798817949585e-10
1.122298685031013148e-10
1.000018968902473306e-10
9.617196923559225229e-11
1.686451240121513447e-10
9.583231468660271331e-11
9.385407273851203622e-11
9.375950189359306729e-11
1.003069845695542716e-10
1.105857334920177963e-10
9.454808102575329551e-11
9.833162852918151460e-11
1.184950289819553886e-10
9.727463996492115117e-11
1.029388098156622513e-10
1.444753399431934488e-10
1.301751247770722723e-10
1.080877262152161273e-10
1.181260533147979281e-10
1.027561786162747528e-10
1.083427555547960644e-10
9.253858794215330516e-11
1.678876474258121520e-10
1.030281765164608644e-10
9.510825276429206817e-11
1.100043837338640395e-10
1.026799121603441558e-10
1.267498172753728134e-10
1.354810115772489492e-10
1.088933848845147369e-10
9.321718861834415317e-11
1.052151125090801480e-10
1.280456511895548124e-10
9.213085774754508485e-11
1.348821895419983808e-10
1.810487153760562613e-10
1.101533792618010688e-10
1.008178745543805642e-10
1.142414925424684252e-10
1.185791320876178743e-10
1.145664569060186614e-10
1.671337331969250259e-10
1.480744039162776073e-10
1.035647200111441647e-10
9.338262997324325123e-11
1.440160956677316090e-10
2.483812820085503878e-10
1.085578367335163175e-10
1.136278289272448574e-10
1.552835036258227682e-10
1.706383387452573702e-10
1.129365910478342422e-10
1.303330160517583841e-10
1.086741014252322467e-10
1.492054898146758595e-10
1.014023203332653190e-10
9.621611298584936005e-11
9.448544838151437217e-11
9.641391606810258613e-11
1.461833745600631602e-10
1.096054980011498027e-10
1.171717098292433090e-10
2.091975370979355272e-10
1.178473150662767543e-10
1.174502733658849794e-10
9.180979498438590164e-11
1.147474197300511207e-10
9.461973020522338512e-11
1.113070974291217718e-10
9.803410281061448469e-11
1.125061447750677087e-10
9.907835058436038603e-11
9.374861529121466795e-11
9.427646311121706036e-11
9.869527625916321374e-11
9.293717010605469951e-11
1.067178594820150541e-10
1.256821992955573024e-10
1.379634951920255225e-10
1.185388473474352688e-10
1.139985867412633319e-10
1.100323599362890103e-10
1.181481549008175048e-10
2.416777187896046669e-10
1.148709163012683543e-10
9.600133252214126773e-11
9.989850540875182491e-11
1.631815126997265229e-10
1.082065511569003422e-10
1.055808661430538506e-10
9.328780189810108682e-11
1.118764833147445604e-10
1.392088243791601504e-10
1.268337808078953627e-10
1.024564439959571837e-10
9.958366729447352955e-11
9.232915980507842916e-11
9.916099893082611481e-11
1.769144968829115416e-10
9.272012386062343813e-11
1.436530217174910821e-10
9.621282629603241808e-11
1.161465518213835631e-10
1.043152913726185485e-10
2.087235212298068922e-10
9.228761385303018492e-11
9.602093240094238192e-11
1.055351173859952608e-10
9.511457660899249417e-11
9.364193209365658435e-11
9.320882130246784994e-11
1.454431208609380169e-10
9.742165246320511170e-11
1.381104874908870050e-10
2.346280469365255319e-10
9.186277603995847792e-11
9.223971833072711515e-11
1.049328485387988479e-10
1.051427260796173828e-10
1.034673878085186583e-10
1.955433021606983524e-10
1.224684974728594997e-10
1.029731783099368402e-10
2.218341756892784740e-10
1.493959022109087178e-10
9.293184615778806408e-11
1.080803753798125991e-10
1.105679965601920747e-10
1.013718224163111356e-10
1.072524439409597189e-10
1.009537597041358449e-10
1.196896146278970599e-10
1.314266950616531482e-10
1.239105235563506551e-10
2.135071025246778082e-10
1.186653976228400285e-10
1.064310615619113507e-10
1.114694294036534152e-10
1.463729945333831880e-10
1.104799679117940965e-10
9.376382420836419047e-11
1.211127144293331418e-10
1.008946205478193903e-10
9.223468397837795481e-11
9.891928866244686525e-11
1.378095085224804532e-10
1.065054019097358649e-10
1.030523499045628946e-10
1.193954149964460626e-10
1.157727671063840144e-10
1.334495166809490845e-10
9.552783289589075226e-11
1.046307225763553154e-10
1.446950656044593016e-10
9.242549644416610263e-11
1.069586261994943213e-10
1.992437548306413139e-10
1.129783464392343097e-10
9.212402990240146439e-11
9.622487701179457057e-11
1.220023965660792740e-10
9.306969881714461274e-11
1.336218650568197701e-10
9.688953442937095116e-11
1.136592167469319421e-10
1.344153062305031100e-10
9.445729955270656359e-11
1.812718265690404382e-10
1.100792513503512855e-10
9.367670391046525032e-11
1.065897139306879193e-10
1.433910619430575468e-10
9.743078592485417747e-11
1.006746087892464301e-10
1.359738337107524139e-10
1.060454530271098142e-10
1.087258647058836998e-10
9.918614743998156923e-11
1.026232714666998880e-10
9.374685411923747060e-11
9.309241525523562854e-11
1.831399489236647907e-10
1.280501606602565489e-10
1.037874167434064022e-10
1.937411837307279789e-10
1.476283058174976191e-10
1.071308416300590751e-10
1.020067361584387510e-10
1.032164209375800094e-10
9.788327032839749148e-11
1.045253802616583680e-10
9.414366722237493311e-11
1.499604564008553662e-10
2.232581150480773566e-10
2.040456014483597538e-10
1.065082657544890814e-10
1.662009351450544007e-10
1.315126833952393281e-10
1.044348047497417108e-10
1.171848812761776117e-10
1.061945605354435031e-10
9.467879315456338672e-11
1.514609221452288388e-10
1.538919863810982065e-10
1.225609742828305204e-10
9.461035973030485488e-11
9.955769526825114149e-11
1.082311213750465638e-10
2.232318874339780059e-10
9.933539952194808716e-11
1.129088373223155091e-10
1.037314520687738752e-10
1.292313679544273280e-10
1.054679781735665918e-10
1.265963936089677429e-10
1.049670801436858040e-10
9.422387448365794460e-11
9.778733434977258995e-11
1.039381848458431937e-10
1.238741438755169650e-10
9.179087834365858644e-11
1.407304243700113821e-10
1.239233169467517398e-10
1.031407468804722628e-10
1.627814412552587901e-10
1.315445889854411543e-10
1.455670338554752892e-10
1.274740167311889829e-10
1.885123050263827540e-10
1.024699233566026643e-10
1.000188423511348850e-10
9.833193564175014875e-11
1.528052970025634903e-10
1.476416488900384954e-10
1.324908216622131929e-10
1.045560904418475750e-10
1.720827657478602233e-10
9.880848482417089947e-11
9.406834873596525524e-11
1.033961362574872160e-10
9.299120115055018869e-11
1.090375358190617422e-10
1.261604571185856782e-10
1.237152181370945681e-10
1.041295163915372948e-10
1.508432114992224392e-10
1.426413643740922481e-10
1.193297062601678332e-10
1.263234708964100039e-10
9.787864507972723658e-11
9.466466543708864380e-11
1.115949948860348750e-10
1.111223460984434597e-10
1.005066119142663415e-10
9.870644918191131097e-11
9.212500533596011806e-11
1.306069773144369498e-10
1.058490926466932482e-10
2.930113846881590317e-10
1.224515156396587709e-10
1.237036620686033138e-10
1.170885681005816537e-10
2.047635925862583185e-10
1.134874379381126809e-10
1.075181536069141066e-10
9.387278499943302570e-11
1.339281344226197762e-10
1.049818721364687910e-10
9.991985743787315342e-11
1.854653548534108719e-10
1.498277251055963904e-10
1.193338544931401672e-10
1.078388266906906482e-10
1.225870594347397138e-10
1.105668879192891176e-10
9.386686779972425422e-11
1.528992432353426998e-10
9.177701484627318228e-11
1.018214516296579677e-10
9.310787899127069748e-11
1.113363021645766799e-10
1.206533333067496386e-10
1.130389833195321473e-10
9.544842757813114202e-11
1.245519056022581647e-10
1.576946693972298895e-10
1.161472155081433534e-10
9.491599034037771888e-11
9.706517170038473779e-11
1.353257174228846778e-10
1.000642196074242635e-10
1.069121092560574082e-10
1.020604061796760976e-10
1.043720022815526765e-10
1.083904269629515183e-10
9.235690209250903621e-11
1.528578087358633664e-10
1.029557740610304607e-10
1.111433164771019106e-10
1.135666549964348805e-10
1.092781642666058137e-10
9.744177604658764508e-11
9.323762141630373906e-11
1.503833428099883926e-10
1.152195925713173132e-10
1.118878671098328517e-10
9.631482440912617492e-11
1.156363895201698306e-10
9.665891808078969759e-11
1.045875201781557958e-10
9.206939119202111519e-11
1.454410494105499736e-10
9.973239866298889510e-11
1.160118874978766041e-10
9.716623127983013578e-11
1.052025204022230125e-10
1.083261085510856809e-10
9.701002359612045539e-11
1.060353910044855403e-10
1.419624961298416747e-10
1.073419310785859558e-10
1.037392183794599516e-10
1.077352417939158223e-10
1.232155604087081422e-10
9.482377345760981034e-11
1.169156629374439807e-10
1.320609228944952103e-10
9.878264043859285411e-11
1.559955415710891483e-10
9.512105816802759562e-11
1.251094630261690753e-10
1.114917183985248956e-10
9.641860273974522658e-11
1.431105492383966685e-10
1.054454456716573796e-10
1.133500136311353978e-10
1.125197928847709550e-10
9.836525237133509440e-11
1.082568160371218174e-10
9.298023587729340962e-11
1.040162747809255266e-10
1.400796304233774061e-10
1.135996816720567995e-10
1.231710577722227156e-10
1.581525951874861953e-10
1.255873978416333635e-10
1.031754981975001876e-10
1.159345331405740654e-10
1.011955546130685969e-10
1.179430858485170377e-10
1.554884681679996249e-10
1.841702298679290211e-10
1.199141417819582433e-10
1.310478555905219243e-10
1.130925267616389485e-10
1.052245195444466642e-10
1.034033368186360174e-10
9.483391798534310628e-11
3.192038879085624362e-10
9.513955219978555394e-11
1.035503380910233505e-10
1.129150960365442537e-10
1.009202912664636769e-10
1.261726802844544216e-10
9.198851937036142269e-11
1.195923516345045964e-10
9.765609880028369587e-11
1.006961175433846892e-10
9.578000287617455150e-11
1.017035792917214374e-10
9.197321669715449129e-11
1.154802615981858449e-10
1.019328065099916488e-10
1.038885842480673422e-10
9.420187525882711266e-11
1.014656824985485033e-10
9.542588736621560233e-11
1.058788908705977907e-10
1.165225960427500136e-10
1.309583736969208791e-10
1.185194177381801026e-10
9.652165913424643856e-11
1.012698053555883502e-10
1.134952940975579979e-10
1.044297060142198485e-10
3.129658377223969918e-10
1.562380933982051080e-10
1.447170768650247307e-10
9.235414441375430533e-11
9.599286429140616075e-11
1.786786012581485263e-10
9.498929592844597590e-11
1.161838458715728720e-10
9.541264478975310467e-11
1.957283483347678862e-10
1.151574205889405276e-10
9.892967572785056833e-11
1.179450503367631048e-10
9.218725182301268530e-11
1.222176156763893273e-10
9.623943001200060951e-11
9.256433256444621493e-11
1.423755553475802626e-10
1.075813331631950500e-10
9.518111277578353524e-11
1.750987211110718221e-10
9.690291130610776580e-11
1.255250302008108039e-10
1.145503353315756336e-10
1.352234957004080564e-10
1.049883974359095419e-10
1.207468971540254070e-10
9.721975093202147633e-11
1.075201417732467739e-10
1.033454260032122977e-10
1.385071853551583894e-10
1.000770732235260074e-10
1.212773047045371940e-10
1.419521394714230900e-10
1.315181602093504169e-10
1.487944248874674536e-10
1.590886726260572035e-10
9.714450580142080874e-11
1.399018558855089636e-10
1.009210417862978946e-10
1.080314529080640506e-10
1.008423607255371271e-10
9.393177922497701443e-11
1.015940938897003828e-10
1.216030951068721312e-10
2.742288927787721932e-10
1.083654652301136160e-10
1.020670946175491529e-10
9.303762977059759810e-11
9.698205069378852824e-11
1.137909087985191883e-10
1.707525391482959357e-10
1.210544791029120397e-10
1.005091728491863285e-10
1.298304238725354144e-10
1.086359684726630330e-10
9.791872421701266548e-11
1.410982801049550269e-10
1.213406843879120079e-10
1.890789291308917711e-10
1.557286301235951936e-10
1.229317882975698571e-10
2.159377380729595846e-10
1.211514817297849406e-10
1.325817623307796188e-10
1.134579053580808139e-10
1.182851302001049479e-10
1.059124230905921959e-10
1.552535416974247988e-10
1.021559401435366788e-10
1.140843698733796098e-10
1.055726413049995959e-10
9.393225871996358475e-11
9.210598275120261243e-11
2.539450229995885443e-10
9.565737273516087048e-11
1.193628885918509095e-10
1.900481994690955533e-10
1.106987479703203112e-10
1.025827336581047180e-10
1.025008755766198656e-10
1.198050246835973815e-10
1.151921870366159196e-10
1.542552121693043238e-10
1.209439565721857038e-10
1.306454235029322588e-10
1.118036304588735523e-10
1.097245575316663424e-10
1.423057848966494830e-10
9.561536388095000874e-11
9.549160350904070560e-11
1.059059476346079049e-10
1.073332555343361521e-10
9.259783976337471304e-11
9.553696710410715625e-11
9.650807993786245217e-11
1.211773205675649036e-10
9.885419502261642145e-11
1.548421087768711845e-10
1.034043654344135110e-10
1.208059034396077612e-10
2.579456351886320947e-10
1.404726937056616844e-10
9.266191094863878329e-11
1.189784636008071126e-10
1.128714147620160564e-10
1.612465024749948659e-10
1.110033564126459534e-10
1.136597578497256595e-10
9.876122640689835064e-11
1.095612231111676549e-10
9.215410161525228214e-11
1.604151402955623727e-10
1.189122932521303942e-10
1.031927228078490806e-10
9.489365633433539043e-11
1.535613841281391772e-10
1.098814094806226242e-10
1.108242474249249562e-10
9.441609679015495220e-11
1.006873941976635169e-10
1.008542263847923002e-10
1.178235911238255241e-10
9.294281642625622637e-11
1.194762438753918458e-10
9.378991448035799448e-11
1.846830412510318352e-10
9.700862511862978195e-11
1.183466454779640145e-10
1.113159146595054703e-10
9.450023550390711679e-11
1.585851072786008067e-10
1.087965823733856898e-10
1.542304611386083754e-10
9.522739541076205204e-11
1.282395548398518327e-10
9.412899063810094180e-11
1.153501250527960519e-10
1.029513488415263736e-10
1.269912502897132662e-10
9.625851812517835013e-11
9.582006371090470229e-11
1.000896230078159996e-10
9.300055298966244408e-11
1.035338994704301759e-10
1.371806905675989633e-10
9.636000500923509695e-11
1.232471953728235148e-10
2.292381403852041694e-10
1.492883085574023650e-10
1.027029746871567475e-10
1.002195759702763939e-10
1.047644492408048244e-10
1.404408838785713093e-10
1.056426066762058965e-10
9.357219417497463260e-11
1.082367690111312226e-10
1.211784716907290196e-10
2.184325169954885192e-10
9.469545831497097258e-11
1.110219990575938124e-10
1.245881120531660535e-10
1.045841738864367305e-10
1.170244966084648668e-10
1.381989820227831572e-10
1.032351111349188178e-10
1.266702344340925786e-10
1.169082722268816294e-10
1.037313055297196890e-10
1.126148800070861708e-10
1.065867089026194618e-10
1.020342432717292017e-10
1.292982107623447189e-10
2.061825640278597655e-10
9.618715543343140801e-11
9.610525035394044092e-11
9.915048062654924160e-11
1.010839391381343096e-10
1.271918315996227667e-10
1.067541619696987633e-10
1.187643659753455576e-10
1.080161783396752267e-10
1.136247167903955541e-10
3.011173174502235622e-10
1.148006675768544311e-10
1.017208727257326858e-10
1.105889203331324770e-10
1.688163974941537940e-10
1.027889756940230397e-10
1.218552110402176388e-10
1.368356091246070378e-10
1.021201426413767280e-10
9.358069341151374133e-11
9.596573018652860418e-11
1.138248242607864018e-10
1.112307477204546663e-10
9.828770278704058328e-11
9.364032943347186547e-11
1.117619031523791835e-10
2.051851028978194274e-10
1.032109752049033382e-10
1.036272170394883854e-10
1.067115697640250045e-10
9.740276394530997187e-11
1.250502465211114529e-10
1.020123867978223176e-10
1.732324531674468370e-10
1.044610233783366792e-10
1.156105365008985749e-10
9.862821546677912787e-11
1.253462083925145656e-10
1.087139104287040080e-10
1.530298489445440254e-10
1.139340773173234618e-10
1.057798230022308835e-10
1.109902358719267113e-10
1.871280986147509167e-10
2.610887599752436038e-10
1.168549414107540250e-10
1.232871385439097786e-10
1.039785523431282863e-10
1.176459875399540799e-10
9.475225929569456812e-11
1.169948234837881620e-10
1.147794783279470492e-10
1.016339322655551142e-10
1.355362206779123751e-10
1.151653107037390233e-10
1.187684013105730729e-10
1.628304354902734070e-10
1.188965584288849676e-10
1.093316365156179422e-10
9.757434600991818660e-11
1.030542658755291728e-10
1.500077900510926827e-10
1.136866748688221025e-10
1.694955900723209793e-10
1.407598209544276543e-10
1.140695372053860228e-10
1.065462053385528850e-10
9.411495029231117842e-11
1.204117503193340737e-10
9.306357582653901959e-11
1.211380487458921961e-10
1.059820483301246402e-10
1.349008214882233197e-10
9.978334761558453222e-11
9.692079646560863879e-11
1.052806570105419469e-10
9.325209898005781713e-11
1.038834620622524651e-10
1.018899445108107208e-10
1.075836041830498395e-10
9.204075958904462474e-11
9.249242622989013927e-11
9.764080368442574673e-11
1.081486365022923831e-10
9.957850373796819026e-11
9.632123524237955067e-11
9.598470908100308188e-11
1.156962052117359403e-10
1.225741440928428142e-10
1.181179441333733650e-10
1.139656612366116840e-10
9.963817408745693739e-11
1.253373918322976842e-10
9.920397663892902480e-11
2.315221395843785130e-10
9.213979830384655248e-11
1.051218706990596946e-10
1.355262473809961407e-10
1.113561355210970080e-10
2.154821310522380690e-10
1.312831921755154141e-10
1.326991121876540087e-10
1.083884527717992402e-10
9.380543757952199366e-11
1.003575273428734243e-10
1.625184694407924635e-10
1.139219276159669580e-10
1.043543650168773535e-10
1.613190072658800636e-10
2.495270490534232136e-10
1.029368919644628196e-10
1.379036547476457873e-10
9.471989590924956428e-11
9.375726062469954507e-11
1.031320574503020700e-10
9.674134740759097435e-11
1.454417035555666026e-10
1.038115818023677173e-10
9.933205111824116058e-11
9.636500656563114196e-11
1.416966886741701001e-10
1.076748361043574952e-10
9.334229816249078385e-11
9.436516816401197148e-11
2.659870515488537891e-10
1.027408110685587794e-10
9.922088892858370456e-11
9.690431111841928966e-11
1.107246329051495505e-10
1.026099576736164215e-10
9.330613118354116231e-11
1.425138967686819159e-10
1.085419228003031674e-10
1.063965258332674788e-10
9.415020722919262165e-11
9.663413051211988569e-11
1.176035851049605421e-10
1.129669228533244755e-10
9.392506607026932976e-11
1.220592192167486284e-10
1.688183113746109507e-10
1.421563665749583668e-10
1.399387346951725288e-10
9.907499458043059452e-11
1.305093201993893973e-10
1.186729530161246009e-10
9.954417531792025016e-11
9.798836610926689087e-11
9.271414234150788346e-11
1.734021855389986983e-10
1.141386969659964244e-10
2.221843248078237239e-10
1.183572217191686968e-10
1.726696589805933866e-10
1.614736817940480850e-10
1.325303266574882590e-10
1.482051837269352041e-10
3.539428491985874579e-10
1.274972628127758909e-10
1.045246524365114827e-10
1.015373714949300456e-10
1.124683319446110108e-10
1.281813619879350681e-10
9.421893302022575182e-11
1.005192653897490623e-10
9.463830993219993678e-11
9.429334977002671607e-11
1.931329569128488489e-10
1.116367767769441780e-10
2.630737502223226345e-10
1.190205670555687696e-10
1.010370134736844951e-10
1.025324117712882216e-10
1.999198724414781545e-10
9.800084160734049647e-11
1.016521310209577468e-10
1.588315635237523719e-10
9.470783648735345863e-11
1.088301697178097333e-10
1.490591530081325772e-10
1.574106463013317905e-10
1.409576033357237268e-10
2.581318008635696028e-10
1.459512637501703911e-10
9.769749324684826235e-11
1.630369387561728340e-10
1.152950953931504513e-10
1.530131635555828317e-10
1.016607818885217478e-10
1.087858999775135522e-10
9.491709900100951513e-11
1.978371555702674693e-10
1.152023478026932792e-10
1.318750326767922908e-10
1.240518138814451669e-10
1.431457087243012085e-10
1.299670287948011007e-10
2.526534292901011685e-10
1.694747053507173735e-10
1.375156251607744251e-10
9.954523874301557864e-11
1.873474822210131843e-10
1.331527670263403531e-10
1.114052923925444947e-10
1.126282438692842770e-10
1.084486514546331093e-10
1.378593307664190174e-10
9.219537528247883293e-11
1.079103358895158045e-10
2.109291896314017014e-10
1.930853154240636978e-10
1.118834782968335918e-10
9.480522553754535980e-11
1.755967384101503308e-10
1.276089146664747151e-10
1.096378911602189906e-10
9.965274529934036664e-11
1.013481959624768999e-10
1.800417227771278667e-10
1.147553345057150600e-10
9.568536967214429915e-11
1.111558694550609227e-10
9.690742174910096218e-11
1.348658847415073168e-10
2.205332605387035531e-10
9.920930961518505982e-11
1.173499413881687702e-10
1.227720486789493808e-10
1.542100570480522955e-10
1.278289108634961586e-10
1.355856138228157238e-10
9.781988777512286404e-11
1.562592894890011914e-10
1.084385029067119900e-10
1.243207162838026857e-10
1.105520589120440518e-10
9.817566044833032098e-11
1.473164876271659198e-10
1.313008394627521587e-10
9.704995045667527558e-11
1.025640874784365033e-10
9.250830165378838954e-11
3.152862513175854416e-10
1.219424979686518471e-10
9.599521664328791508e-11
1.089158536512377073e-10
1.107195117072324464e-10
1.129103339989861091e-10
9.361372176743913067e-11
1.009360511575403257e-10
1.055926973829258228e-10
9.767571673883477737e-11
9.516215174540608503e-11
1.079866138522415838e-10
1.780036670654861407e-10
1.224767341871748830e-10
9.261191933305098067e-11
1.002820821752208823e-10
1.323819521727842023e-10
1.267873179836368410e-10
1.130441483747465073e-10
1.428170374904047987e-10
9.980502434310810648e-11
1.375970156925594341e-10
1.015820053876023727e-10
9.916892512378802935e-11
1.326399168169166940e-10
1.060431532098762788e-10
1.114695670020032823e-10
2.509768295833857680e-10
9.248221934109076411e-11
1.423887728100692193e-10
1.169895475721902252e-10
1.231812706690259068e-10
1.085454437578550728e-10
1.464871184550971243e-10
9.314733355228374542e-11
1.871997944945975329e-10
9.793737153712500124e-11
1.039879109637707399e-10
1.608623886591162363e-10
1.088055773633861005e-10
1.791560900620561331e-10
9.875709609059684737e-11
1.259351924892513507e-10
1.002302980565339595e-10
9.216596538830196723e-11
1.228834053688027292e-10
1.266099339144431488e-10
1.040572003204428155e-10
1.134645440010473021e-10
1.445675397514389465e-10
9.350112694873246820e-11
1.380964560957308171e-10
1.342549584423499619e-10
1.115841348511275165e-10
1.047265267491256214e-10
1.419657254902616089e-10
9.740353812788011416e-11
1.069713225347034232e-10
1.455426290985252837e-10
9.951728255050406892e-11
1.227195628531672764e-10
1.368797631645919803e-10
9.257695971142104225e-11
1.090035834349127013e-10
1.076152521569174141e-10
9.754465909178639174e-11
1.231880788553013723e-10
1.151679852115833348e-10
1.846034114614462968e-10
1.108879872674697160e-10
1.048327085133372512e-10
9.717476512638733290e-11
9.858547785174974959e-11
1.145751885967457824e-10
1.281892765997552592e-10
9.935031393881644707e-11
1.663404825554308413e-10
1.067164300291365080e-10
1.076251848192200262e-10
1.090838196222420928e-10
9.296443099277121703e-11
9.363776512725313738e-11
9.216434029289888347e-11
1.000929492258264753e-10
1.216217104903096610e-10
1.328330140538433477e-10
1.318646987197894421e-10
2.064467178352860327e-10
1.040393702099177422e-10
9.564667538320502895e-11
9.335547596871092446e-11
9.460527709914398529e-11
1.489585001841628278e-10
1.136861338781304091e-10
1.033554227904112576e-10
1.843032023774412982e-10
1.099598316562800834e-10
1.125593642141351708e-10
1.000170268861993770e-10
1.128331644917428642e-10
1.034413896415635199e-10
2.023956504914757746e-10
9.375902162563379585e-11
9.257064632632248799e-11
2.034010098166409075e-10
1.563977701414315119e-10
1.069406493572252509e-10
9.417716062320473020e-11
1.371752973401986329e-10
9.751867655185787660e-11
9.593639270614554691e-11
1.292567548612157101e-10
1.020065874537037121e-10
9.898129139969040766e-11
1.556450161627393251e-10
1.005380923866327419e-10
9.261920113422244591e-11
1.796297489022914694e-10
9.224036790706607919e-11
2.244646684662219728e-10
9.449292169643601941e-11
1.027433232090604884e-10
1.032373184430421365e-10
9.661791424961584676e-11
1.116376012818334432e-10
1.339646909268588506e-10
1.037767239644964371e-10
9.998631090011130265e-11
9.739935747803475043e-11
1.081154292794494137e-10
1.001417730248239473e-10
1.284748906240639983e-10
1.071653126233777060e-10
1.002956659700812757e-10
1.852890129524906291e-10
1.081517448068742151e-10
9.636188061950277062e-11
9.389756972201295263e-11
1.245156899396439202e-10
1.019946904602601929e-10
1.131926233911202754e-10
1.243843620799405815e-10
9.894815623487130460e-11
3.321622448130358204e-10
1.094703896382263714e-10
1.278527106768214371e-10
9.428267643491754602e-11
1.290332001081276069e-10
1.150280354656827281e-10
1.028499657279479144e-10
1.217352613428769191e-10
1.342637281390921425e-10
1.057397696350298817e-10
1.010523076375728604e-10
1.214946683178484076e-10
1.250198823277764389e-10
1.127954476012336072e-10
9.547096313348301540e-11
2.027228299970665244e-10
1.435735404558258928e-10
9.639797989322133073e-11
1.690135231536878228e-10
1.776031220381478042e-10
1.100825901315630297e-10
1.102032832263012157e-10
1.018542141227006814e-10
1.124081087709584866e-10
9.799529711309708690e-11
1.286031629750649740e-10
1.144606900356956310e-10
1.373696806187220856e-10
1.075972294213870573e-10
9.959566406542490869e-11
9.812644327625165749e-11
1.607181888709002901e-10
1.305233436172658540e-10
1.190371969283002050e-10
1.983247234000642093e-10
1.134011243008900563e-10
1.033892291844978587e-10
1.004175462406402489e-10
9.614096409021448028e-11
1.107239408634884450e-10
1.411836791114354020e-10
9.860309567811653715e-11
9.372139394444271532e-11
1.111885565551355134e-10
1.166735364385276774e-10
2.094131927558971194e-10
1.088883288529292353e-10
9.599098237358346486e-11
1.203004538787172061e-10
1.104186581831066319e-10
1.072864539011680664e-10
1.017567931039926001e-10
1.054884848663761066e-10
9.355214612998264516e-11
9.551806789710668654e-11
1.167550868829334772e-10
1.076332722517906081e-10
9.279074492534009372e-11
1.081698279378999493e-10
9.360298065414534318e-11
1.203155131163389391e-10
1.019787763331617363e-10
1.117332077198849681e-10
9.425049072527951820e-11
1.150268306627231430e-10
1.006299239085983135e-10
1.243349734188230446e-10
1.579660753796005123e-10
1.071121776628498768e-10
9.237928528963058619e-11
1.051066613680887076e-10
1.347758278785389130e-10
1.742448601703155300e-10
1.346323038206623739e-10
1.014310169251820867e-10
9.477858707241406606e-11
9.228615295537131286e-11
1.002114204720586255e-10
9.596761253763907733e-11
1.180046262140537934e-10
1.584339366135123768e-10
1.015070584296195042e-10
1.340063921765700471e-10
1.267282960917414224e-10
1.052009282028437907e-10
1.163726769820160938e-10
1.111551797632026863e-10
1.146585804916999011e-10
9.432982229507773549e-11
1.206024818812376215e-10
9.429462412745216834e-11
1.138712916514252493e-10
1.168607507508214546e-10
1.026348088649752915e-10
1.750783297144312836e-10
1.598973697616445255e-10
1.164737452163477674e-10
1.180419295707463338e-10
9.582744587317860001e-11
9.876780400603306518e-11
1.057927870764394796e-10
9.278379802820609328e-11
1.090500201132490645e-10
1.152392408340932268e-10
1.192437316502895203e-10
1.737363623948416302e-10
1.197582520451784669e-10
1.661564019262966842e-10
1.014774843589844464e-10
9.285970454919154932e-11
9.674664322089813945e-11
9.704622248672424622e-11
1.634824310572488874e-10
9.779042038929575566e-11
1.016040920700577133e-10
9.462941746969412210e-11
9.238415057412950654e-11
1.039906891624068688e-10
1.049949223805009640e-10
9.831243232788637111e-11
1.796968075175652637e-10
1.091888061247372939e-10
1.214881600180031817e-10
1.289874312388906741e-10
1.112347455031646406e-10
1.091794184063695282e-10
9.774875166292100710e-11
9.405573730836973747e-11
1.041547801321445361e-10
1.004249333319044226e-10
1.162329359457848869e-10
1.604606645203804636e-10
1.943198247625089271e-10
1.000108238300985979e-10
1.218580111785559068e-10
1.370523502793075963e-10
1.030989139113446088e-10
1.178081224352639826e-10
1.215115119128109203e-10
2.172565701574921177e-10
9.642250814718556019e-11
1.355570929420469157e-10
1.114494760695186836e-10
1.332682645249914774e-10
1.949577151481169224e-10
9.222916215416080613e-11
9.307839930277491317e-11
1.311141261288482605e-10
9.687880065044587288e-11
1.110424337732198479e-10
9.377294852261812510e-11
1.063225491112240031e-10
1.155452151019995523e-10
1.185014200432562180e-10
1.042153620555418834e-10
1.199728611713158685e-10
1.156174666723748803e-10
1.025666034059308833e-10
1.137732043866302023e-10
1.575245533194187927e-10
1.140665704692681539e-10
1.110845354819295838e-10
1.513235512828820583e-10
1.234074036910300929e-10
9.761793434821084663e-11
9.261742118464099769e-11
9.500385615508540266e-11
1.174945638824432603e-10
2.067794997602117703e-10
1.093021036267333006e-10
1.084974092784544660e-10
1.007424304426715852e-10
1.205901514373548535e-10
1.741079844533612339e-10
1.145727706483787324e-10
1.114516779701576237e-10
1.263716857071913267e-10
1.386346874286496608e-10
9.721401237747068493e-11
1.372980333946322076e-10
1.000035612878459780e-10
1.115575994829641386e-10
9.521302304806677418e-11
1.430869947893150276e-10
1.870729988636505069e-10
1.446339443543646117e-10
1.459288719370670670e-10
1.829143722487683478e-10
1.082281562628739590e-10
1.278624735814498719e-10
1.384089580863830623e-10
1.076759707566862355e-10
1.270162920811253473e-10
1.304888220627622370e-10
1.069232406883981108e-10
9.740508647686806876e-11
1.439479015707439997e-10
1.026816863617807454e-10
9.553570725875040350e-11
1.580505400003650851e-10
1.027461308319031379e-10
1.015140774301229081e-10
1.018454287227004890e-10
1.082693790666361853e-10
1.467608936874492415e-10
1.259343268331576657e-10
1.204248683601542336e-10
1.046158871491260276e-10
1.497162575501977162e-10
1.092162646498432873e-10
1.002360362256142556e-10
1.294033091753851448e-10
9.828708831919943718e-11
2.148273620934893603e-10
1.301431659339079924e-10
1.073241526643466096e-10
9.706920963898691241e-11
1.045416823829316292e-10
9.987972443711510714e-11
9.199828586956617847e-11
9.231293286479915999e-11
1.501219313749009535e-10
1.073949665586511359e-10
1.030675294351749133e-10
9.846345624081939868e-11
9.845041847549187842e-11
9.462020664835630817e-11
1.020571361371260167e-10
1.197913304826535150e-10
1.182910086653375038e-10
1.378938314354193664e-10
1.577439263197173469e-10
9.776464934372144457e-11
9.319610816085691613e-11
9.395990597567086220e-11
1.129711388181831070e-10
1.178862342516103028e-10
1.047465792184401852e-10
9.459733500959363552e-11
1.037333570599956870e-10
1.174412031786496997e-10
1.999306014342161640e-10
1.040172980911248892e-10
1.181216064046586020e-10
9.777128557034237718e-11
9.279542978507292851e-11
1.050998527578884256e-10
1.059340054424181529e-10
1.167387014929519743e-10
9.590343751208047859e-11
9.472544913860010411e-11
9.932352746311314391e-11
9.275115767459152771e-11
1.318749138997027859e-10
9.519943863068727356e-11
1.615033278632657715e-10
1.846158002914423129e-10
1.286014631269450807e-10
2.097101939025503829e-10
9.905622963455479765e-11
1.036427628196874888e-10
1.067274363841749842e-10
9.233370290119550329e-11
1.131992756450702307e-10
1.407873052673889774e-10
1.230259798305704757e-10
1.050214535006988176e-10
1.071644580879440426e-10
1.254901768286560920e-10
1.102358005165265399e-10
1.130009186492501442e-10
1.061394207372773981e-10
1.175916364925899246e-10
9.321091319305159656e-11
9.481457915902069740e-11
1.133302146914877645e-10
1.297373160584173149e-10
9.571540335933067908e-11
1.151152873926607746e-10
1.141401795222693401e-10
3.867431997709305138e-10
1.755236869297122605e-10
1.059587484715787072e-10
9.374028949589185265e-11
9.281917399494353265e-11
1.453221703195024352e-10
1.169634287433281157e-10
9.532211077099565226e-11
1.105176821828141302e-10
1.477114676042225311e-10
9.208842039053676434e-11
1.368924091611159841e-10
1.971882092554205387e-10
9.344655117974747526e-11
1.130039098508881375e-10
1.542602862191538415e-10
1.238165445062156524e-10
1.022577767336771758e-10
1.135868239242758485e-10
1.233794559179021311e-10
1.345788707610380836e-10
1.364502268307925670e-10
1.210935186777791734e-10
1.155716141689958127e-10
9.334310173386318589e-11
9.240166374230469154e-11
1.627601010226561818e-10
9.465053587450985423e-11
2.090015340674232807e-10
1.240540693723878880e-10
9.567325951740121954e-11
1.129140075863096318e-10
9.384975406084986592e-11
9.272658998798174607e-11
1.007270951174466778e-10
9.845333293060914785e-11
1.154918675465568677e-10
1.270144509200803167e-10
1.732368502761539035e-10
1.132264241553875033e-10
1.031987581871968114e-10
1.102387183244807580e-10
2.263061447567110948e-10
1.109377401317652262e-10
1.493861044078680910e-10
1.385382457191631115e-10
1.089416877200460783e-10
1.101193108786467491e-10
1.078587967996650886e-10
1.138702112028783519e-10
1.430030337302803685e-10
1.113429136268911654e-10
9.223078625013459870e-11
1.094523548436834434e-10
1.038612145766584112e-10
1.614451255400195822e-10
1.064635821002733539e-10
9.833715642701262308e-11
9.351540835628173672e-11
9.865378901245802469e-11
9.455666236660003021e-11
1.070518921311828719e-10
1.019365264257653549e-10
1.051159320465901713e-10
1.014486498482231419e-10
1.247539198463762978e-10
9.681359780762982563e-11
1.056490962531796161e-10
1.898850844715000921e-10
1.008181750297308556e-10
9.422132407923448111e-11
9.305455182940548417e-11
1.334870105009509336e-10
1.061516283211040556e-10
1.350271100169742860e-10
9.179365082328587216e-11
9.514887705699603380e-11
1.197247778321720653e-10
1.162806818551032285e-10
1.050133353107427536e-10
9.545079166612866525e-11
1.029571015944285053e-10
9.215978989237709745e-11
1.614018349848863366e-10
1.125653670764489754e-10
9.316166240509951159e-11
1.017576872457176153e-10
1.026994269010682846e-10
9.248513569560981826e-11
1.461417986420298450e-10
9.737334101682732727e-11
9.409021567969722674e-11
2.676916596038180558e-10
1.302910081087278091e-10
1.107048390196620295e-10
1.238142852296711903e-10
9.578424530557947140e-11
9.834959320310838904e-11
1.064264764695846007e-10
2.212004192581235573e-10
1.074870488164764533e-10
1.020590684460773718e-10
9.369913134842148210e-11
1.176650183403503897e-10
1.036564003618236989e-10
1.113232159658631657e-10
9.884792816320168079e-11
1.271863147175271536e-10
9.417620381354058867e-11
1.274116010054603123e-10
1.778519552173669440e-10
9.294459092204680771e-11
1.025842133866119189e-10
1.020131302826156420e-10
1.056561622847798878e-10
1.952174167297601204e-10
1.681511305142626606e-10
1.077424714747492288e-10
1.472685058056048297e-10
9.304568822968695975e-11
1.573703547721848173e-10
1.097940148472999780e-10
9.177310011526676815e-11
1.704439969777062242e-10
9.846498999625421606e-11
1.031350030916215842e-10
