9.399088824833161729e-04
9.187959746976079181e-04
9.399088824833161729e-04
5.565516849663116618e-05
5.879088408691044852e-05
6.599221440009789622e-05
4.444900371829468204e-05
5.906044180694578491e-05
3.284015577990323617e-05
8.390776209284057008e-05
1.068698828291700885e-04
7.533994502679748975e-05
8.985447782740958126e-05
8.435568533559521440e-05
3.396019889359838879e-05
6.227316458338503862e-05
3.851139560000717055e-05
1.745022217029887894e-05
5.930705285214879800e-05
5.036133242233296800e-05
5.619103470506781723e-05
8.469344232353050173e-05
3.664803576236616426e-05
6.713256485215809608e-05
4.203107482084142172e-05
4.883998113576511874e-05
3.770403806532030856e-05
8.480937879084338496e-05
5.198701759739832640e-05
7.809670400700876886e-05
5.665915302078355188e-05
6.318701017575217133e-05
6.379455396836246719e-05
4.268870150256845209e-05
7.327718044945462383e-05
7.158263341360691825e-05
6.307738102049220870e-05
3.905222274790880015e-05
1.891715218605943111e-05
2.616156429654288251e-05
6.411902769139048164e-05
7.299319206678940423e-05
1.783681279971456081e-05
7.563047994832055373e-05
4.003255485615417179e-05
9.604346143759993752e-05
5.865932580625843898e-05
2.154377465305985532e-05
9.060791361031663989e-05
4.838753971443882692e-05
5.455511551354569794e-05
7.130005968903127675e-05
5.909623882507439980e-05
9.227127212394558111e-05
7.616342154975795989e-05
9.362961312987367571e-05
6.440627939321356792e-05
1.662708604360154998e-05
9.228448651472633208e-05
7.429652147349258306e-05
4.201604531370522702e-05
6.444028307970956165e-05
4.703768438849905570e-05
1.934233050166167490e-05
8.016599408573656799e-05
6.556882944589515264e-05
2.754147459256753560e-05
7.817696932792847584e-05
9.592463021140119732e-05
4.515522695394830752e-05
1.380172098474725863e-05
9.216450955013485448e-05
3.137830365051112448e-05
3.727280736679073724e-05
9.101977636432047824e-05
4.667655093418629107e-05
7.814747991340474751e-05
9.187744977159925208e-05
4.342676477646406814e-05
3.850096477403719050e-05
3.461849865174711791e-05
7.120483288081203900e-05
9.797382121661779813e-05
4.348335017441307018e-05
8.114402088233470115e-05
6.564490215712581560e-05
9.401114833848178893e-05
2.343362678431369119e-05
9.746719862337543104e-05
2.567626039903753388e-05
5.671655360946738157e-05
7.405049561223445024e-05
9.569754412345095600e-05
4.801142465263430996e-05
8.414451763474169665e-05
8.754068717339571961e-05
1.668034419641034935e-05
4.714325702527909061e-05
6.403189266159740184e-05
8.289702475183423835e-05
9.291178517109741563e-05
3.909497851752156982e-05
7.550757137164993836e-05
8.234611024704081308e-05
2.035662186296280959e-05
8.120931193950603315e-05
7.022979000686806401e-05
2.969159732658369069e-05
5.231105567782843094e-05
6.323758774150256611e-05
3.978081175395116898e-05
4.681974453072815310e-05
9.273963875822851502e-05
8.112815105409647699e-05
7.145028861180801141e-05
6.376167500552159910e-05
6.633610485417266349e-05
9.137005130956805910e-05
5.398688863823580575e-05
5.241033307248176693e-05
1.562820179163974362e-05
9.160739090047352216e-05
2.282408134598002148e-05
3.170035211109701852e-05
7.224193608576073280e-05
7.707322481465456220e-05
2.118854662093653109e-05
7.456695533495073206e-05
1.263143049132431500e-05
9.309925587680144765e-05
5.411582911391519830e-05
8.715544692087673231e-05
3.716706814095618026e-05
3.695772025198638098e-05
9.353844748540518733e-05
3.630266312350355590e-05
7.951258618384315815e-05
3.166302581087451339e-05
8.151493682614856348e-05
8.857113134629461559e-05
5.917540253847848364e-05
6.765956673419273469e-05
3.293572169450874890e-05
5.454989753597395085e-05
7.584536292632887173e-05
9.346310315910239083e-05
9.548739096002336387e-05
8.494104301708945521e-05
4.812450675367923659e-05
1.293655189486991907e-05
8.501958068675807118e-05
5.786636623921106163e-05
7.327236396760406097e-05
1.868901721744094016e-05
2.020418163916961541e-05
1.454231781975682058e-05
8.488059085321753570e-05
1.641586655194695671e-05
7.696757541176386073e-05
2.756865931772892661e-05
4.738547361236062781e-05
7.112088342479601399e-05
1.563438454234458805e-05
9.460649104510039631e-05
6.169501928392264194e-05
2.105564971036310667e-05
2.283409211432380675e-05
5.180254008367410926e-05
3.121722342760232963e-05
8.785365324879545741e-05
1.505452209799412068e-05
3.012432637715658506e-05
5.044989749044833749e-05
7.454579018178794756e-05
9.259543727625524790e-05
4.666196658465800878e-05
9.336346201619307871e-05
2.091174581235443055e-05
2.344537346847753846e-05
2.602982988253243557e-05
6.437314136657866905e-05
1.630939192407896126e-05
3.514618125978911174e-05
5.764031007564174140e-05
6.775805099763922796e-05
4.599147963686238654e-05
2.798991041251472367e-05
2.525488925795633293e-05
1.544367903399223696e-05
9.440004574091083261e-05
8.453956967310016747e-05
3.399914839404479140e-05
3.031749323741796478e-05
9.177614882477730059e-05
6.113509639661232121e-05
8.652964512876628288e-05
9.142473584383186888e-05
6.180177951717719359e-05
9.717162772466801678e-05
7.494501043589141720e-05
7.066955720023515401e-05
8.666189961770979675e-05
1.554238322993828348e-05
8.277791938616954181e-05
4.175886407919011901e-05
3.284523339212354760e-05
3.028960048622444248e-05
6.109008604654648806e-05
8.490632328122647181e-05
1.893270602391930132e-05
1.824478084133613958e-05
4.863270005586874085e-05
3.515604859646588153e-05
8.287779469357366884e-05
4.327841512496925888e-05
5.609700350788773479e-05
3.049700833790244377e-05
2.176748249894690427e-05
5.065975598412082785e-05
3.458200772197379206e-05
7.903924692394120064e-05
9.257069481051161889e-05
3.236682246734516691e-05
4.303020531073523656e-05
6.603321492932762746e-05
4.670837583308079657e-05
4.983676697784527731e-05
7.787031418647957911e-05
6.666800885151623291e-05
5.621204963314491442e-05
3.286372107470608256e-05
9.389573723576216538e-05
6.637251592957603310e-05
9.585164307148335324e-05
7.574888692353904079e-05
4.240468793009950516e-05
9.310273815474154498e-05
1.518212055296791206e-05
3.412890236662344907e-05
6.587543373626988409e-05
7.177308430631257406e-05
7.106709814036515395e-05
2.929232826755912819e-05
4.775172977965593327e-05
5.694107913550538178e-05
1.832574399527020877e-05
9.350746418287292285e-05
8.805983027223074681e-05
9.542291507181628997e-05
4.405892079309220254e-05
5.234718175071791557e-05
2.787325753014693937e-05
5.965630072186889446e-05
7.391213973135783862e-05
6.682408791575775880e-05
6.842639755909980196e-05
3.684005075319683124e-05
4.532248828279287177e-05
5.463867262822155442e-05
5.813581964245494632e-05
5.162258915854665733e-05
4.740789866925115869e-05
3.700869285025960918e-05
5.233536314085718050e-05
9.562638144107224567e-05
9.109885019214720764e-05
2.258984276201349240e-05
7.367725802605658194e-05
3.110973444300196952e-05
3.206611991440945101e-05
2.748888449121840755e-05
6.635026095533518085e-05
7.319168308097089427e-05
7.578234489291469744e-05
6.126026483920775378e-05
6.050610186671243236e-05
7.204041911206330012e-05
2.518210304697005272e-05
9.349967447177561083e-05
3.692026942751295269e-05
3.969298291440191435e-05
2.013020167746565385e-05
1.406854303714003679e-05
8.621626518032438416e-05
5.305401024123568602e-05
9.300076426607043042e-05
2.860339965087199736e-05
6.111219825881513388e-05
3.493215991609749832e-05
9.091504845922268412e-05
5.197075840520704905e-05
2.387676591755020779e-05
6.512143175263719792e-05
9.535563971739565814e-05
7.850629468304247730e-05
4.674086317554718915e-05
5.849612577787143209e-05
4.201560272570353132e-05
8.962450396486207804e-05
4.469331595064326642e-05
5.110471079277661044e-05
8.448976650996065725e-05
8.960703134272996351e-05
2.420536879765703811e-05
9.605375062066810331e-05
7.318894479219095230e-05
7.656065745843994297e-05
9.414164973257156980e-05
8.064952194629447339e-05
2.730793310346985871e-05
9.468470983430273620e-05
2.569173545774974295e-05
2.727408250883246564e-05
3.235747603820603516e-05
1.152600833831611420e-05
3.823472731706776509e-05
2.572005365451849877e-05
7.968320804188377168e-05
8.586017815205421980e-05
9.470747392028062311e-05
4.404227764571723132e-05
1.433823507591996976e-05
3.780371957487091113e-05
7.154773535794113626e-05
7.473814123523801116e-05
7.004904028210608060e-05
2.252360769152985623e-05
4.974084858198640524e-05
2.960136942298556632e-05
8.404972709342330562e-05
6.634072029639664339e-05
4.907220382450880542e-05
6.112331075671849844e-05
2.288217171769401460e-05
5.327434716306866990e-05
4.522017965110425227e-05
8.435227489582379089e-05
6.305371839112754477e-05
2.595809476228696372e-05
1.538283668464331729e-05
4.716992420985351327e-05
9.537410967953049816e-05
9.461765251688049978e-05
9.505082594312203492e-05
2.170192749899461416e-05
5.936250185433892049e-05
6.669357352149176570e-05
3.332380693293978508e-05
3.542024077682336835e-05
6.595031565775104018e-05
9.201378182256467046e-05
4.168088897543134781e-05
8.149365776969160662e-05
3.300929967040473767e-05
5.644474625753751243e-05
5.689752938898019730e-05
3.377008960127432719e-05
1.007704171816136622e-04
1.679741050544328261e-05
3.882082579979147469e-05
5.689355480338971125e-05
6.344088186614651580e-05
8.927839776725158551e-05
4.431339600802467225e-05
3.950281699885173212e-05
5.269098543769421255e-05
7.934757772266325831e-05
2.335376234020764853e-05
1.642021764060923815e-05
9.529222510123162198e-05
8.908174218850439005e-05
7.001046824208651822e-05
9.356803589499374679e-05
6.346046876630630868e-05
9.420313558537272839e-05
6.656751132161811799e-05
6.564267145993410110e-05
6.955954680710118784e-05
9.543904597709839549e-05
9.211235539498981964e-05
8.157821011399870681e-05
9.575810720007063874e-05
9.635004021656260788e-05
7.639921590635506200e-05
8.294705102222013062e-05
8.358986545920271878e-05
8.740727129096251215e-05
9.493252059547889444e-05
1.639217455054708985e-05
1.826533354451313084e-05
6.291345283940152802e-05
6.935088794170514025e-05
1.807395998435751120e-05
1.337246142233645452e-05
4.257553093994304386e-05
5.326977074094470732e-05
7.061821144709818699e-05
2.114124350809909437e-05
3.091740084300581022e-05
3.468661194115229152e-05
8.787226323201093796e-05
5.981740385968847579e-05
2.843276452121277072e-05
4.247263273532266237e-05
3.442743774536042786e-05
7.368148780801865745e-05
4.321784307140090226e-05
9.848272994551545974e-05
4.688538677193312076e-05
9.509291979303888373e-05
5.880170425785580344e-05
7.297738706042074535e-05
8.387561105471910477e-05
8.949021437686956702e-05
1.906698378871636096e-05
4.401732295948499699e-05
6.427733630383366636e-05
9.502395185298670411e-05
8.795148686671503324e-05
5.148537971420036221e-05
4.366446228513651588e-05
2.038467055533761194e-05
9.766410036029943569e-05
2.506371723516344962e-05
9.557813838776364952e-05
3.438336477805869693e-05
1.815244889048505696e-05
3.033329567586935677e-05
3.015296444292883807e-05
6.638965071412062551e-05
5.727393934324213865e-05
3.746739613084518634e-05
8.118563174301865882e-05
8.825591383967355775e-05
9.466907372622862461e-05
7.451639415093506470e-05
7.013048022836589740e-05
7.222165278282765546e-05
1.553789539983900124e-05
7.421519841961763016e-05
5.655976515982157586e-05
2.302931993770964897e-05
3.808746170770104607e-05
7.199804610473393323e-05
7.473896191501603909e-05
8.001872168705414373e-05
9.084285068661912413e-05
8.518996800290889581e-05
3.129340666920575663e-05
9.292677649293067501e-05
4.771787024196462153e-05
6.345760166514031607e-05
9.773800829846681791e-05
6.184939648646685113e-05
1.217711680271944228e-05
7.827081116861835369e-05
4.310949691503048245e-05
7.261857327820785200e-05
9.257093844113682799e-05
7.259632635538333136e-05
5.284445690461938845e-05
1.542709164562074231e-05
3.692720099229380656e-05
9.313421185381885032e-05
1.126643969425806429e-05
3.027331635214549859e-05
6.289159463348214781e-05
3.140972711563964068e-05
8.200117290203476090e-05
3.296257298759676233e-05
3.323038071661974804e-05
5.343885695504620300e-05
8.452076113176358358e-05
4.435674880297870234e-05
9.549320862683064338e-05
6.049761208743562762e-05
8.541852008767145761e-05
1.889279361327243057e-05
5.544542095306794426e-05
6.249223663441220349e-05
9.578982892249611426e-05
7.886073047378507105e-05
5.990511374006013889e-05
5.888619272201342216e-05
8.210614843778897315e-05
6.289332522839390777e-05
7.778028730509104469e-05
2.106918925100617051e-05
2.779795093381306551e-05
6.576417018603651697e-05
2.677539176664632203e-05
6.042907856001190317e-05
9.012108444446967305e-05
8.303878148981490444e-05
2.259464394786993578e-05
5.469029888289249537e-05
3.754232781540673791e-05
5.759086608443813086e-05
3.306049809676706410e-05
3.852344376525231138e-05
7.681843698574380953e-05
2.563782473436066465e-05
8.053640814303244882e-05
9.189522419000212066e-05
8.750889161314501284e-05
1.167890694855500850e-05
4.180311588959320255e-05
7.953390498365409502e-05
5.837886464604643443e-05
8.457371137227008226e-05
3.523613027206798050e-05
6.933561918661262653e-05
5.604845752256832302e-05
1.728094383707712880e-05
5.921702419157894877e-05
7.052062115868625025e-05
7.577709983146022673e-05
2.955387017817371554e-05
8.855374109036589060e-05
2.817516086747873165e-05
9.074878718940155979e-05
4.311017344231096124e-05
5.234679771270769449e-05
3.275393124002690066e-05
2.855998468797601677e-05
4.188561871605548384e-05
9.399069143748975581e-05
8.101489803584574012e-05
5.151912950857196339e-05
5.805263134339774670e-05
7.630250585568992589e-05
2.529452594043509234e-05
8.112985246644006400e-05
3.010235001942296849e-05
2.616594859110242093e-05
2.259632191772825157e-05
4.209111026390466987e-05
2.206644474761874992e-05
4.546522115771087756e-05
5.275010768652456849e-05
4.768864376066564654e-05
8.962071421200992652e-05
8.214010208149134101e-05
9.553101850457756722e-05
5.508589994281039596e-05
4.775993981448758659e-05
5.550301425379210993e-05
4.267218276535585586e-05
4.882913013644098042e-05
3.569936641958938435e-05
6.291919866639066918e-05
5.313867685637487464e-05
9.217088624140526117e-05
7.424044080542367783e-05
8.916318581419698257e-05
2.334761489364818053e-05
8.768153186485474625e-05
8.800563346083067385e-05
4.765006782644062367e-05
7.330880295327707994e-05
8.856609374392830202e-05
4.691089443464995803e-05
3.610149063423782607e-05
4.682243030958883076e-05
1.087007704275359354e-04
5.852029905563885671e-05
4.119364219968838967e-05
4.438912277409905177e-05
6.629773577956847683e-05
5.204251426373928693e-05
2.886339771517472250e-05
7.278201177372016419e-05
3.882763932885041202e-05
5.275557305940599813e-05
1.370763976957016710e-05
2.744697884870967586e-05
8.441998438185802892e-05
4.150778135809895760e-05
8.530441945857259367e-05
5.529594987494727815e-05
3.440814793504096678e-05
3.997641135836781107e-05
2.820910812916081767e-05
6.216128443110136926e-05
3.545465260977408552e-05
5.286968687170023537e-05
2.943367959437865022e-05
5.105604272431378586e-05
1.791506154662949441e-05
5.595105335266463257e-05
1.770329233357956748e-05
3.372508659104484044e-05
9.378005980051133097e-05
7.751024268594689480e-05
9.546099037643600966e-05
7.711454193319938690e-05
8.857286969115195829e-05
7.794320047631653268e-05
7.607489793014625694e-05
2.123140221751925705e-05
6.973454494209048275e-05
4.218245083982789659e-05
1.619723783441098667e-05
9.731145278505645485e-05
5.681180941112560308e-05
8.283475185806007729e-05
8.161760890264727173e-05
9.327535018097786045e-05
2.277008729420385857e-05
4.576025917937526341e-05
5.307932951325479426e-05
9.879458236645503031e-05
9.398447843350089240e-05
6.322532720270983763e-05
2.355830745225448572e-05
7.300968442436931675e-05
9.715244229218550928e-05
2.096165220334869205e-05
9.029845404607793878e-05
3.976455443955654299e-05
2.970279545074619689e-05
7.010503802546878089e-05
6.411565342937501242e-05
4.865574665091915304e-05
1.804419391886124291e-05
6.150101399976496308e-05
9.528411619183546806e-05
1.318148899814861535e-05
5.498753469188705326e-05
5.007205360667758658e-05
2.917620128884149068e-05
9.409879422067668529e-05
3.545995086588527067e-05
6.576538011329811483e-05
3.652170334558015345e-05
5.081715159131104881e-05
6.409450870888077874e-05
6.693119208308335294e-05
7.022830970228655426e-05
4.351235717000481430e-05
7.347376888955832474e-05
3.691975505439606492e-05
9.010997774963331979e-05
8.067662460643475479e-05
9.657355326496671667e-05
7.569413128697603885e-05
4.973395668341917022e-05
6.132384986413637676e-05
3.640578677867393727e-05
2.542286898630498023e-05
2.722107312803906439e-05
7.717258405722470221e-05
9.723320690705779387e-05
3.914703039583067843e-05
5.498448433757894150e-05
7.163982864946578661e-05
3.678574754701044626e-05
1.252538558041424926e-05
2.281671942472680229e-05
8.224541979083373655e-05
6.469610491165318203e-05
4.747873167625498580e-05
6.654002540283255750e-05
8.423113600228393874e-05
5.809320489999840432e-05
7.378583081167576214e-05
6.229701245389870131e-05
3.818609138416965081e-05
1.595299181695920165e-05
3.781166385613867473e-05
6.698827149863285056e-05
7.710166195888776188e-05
7.718876178189790454e-05
9.593674907658553412e-05
5.092797832526706626e-05
7.261058808333095856e-05
6.329460869326352518e-05
1.428996822300141964e-05
6.951188901749856661e-05
1.445771998433677368e-05
7.241273765644535025e-05
8.646659799540287880e-05
8.844492445961302306e-05
5.510774333997170166e-05
9.342512204611603242e-05
8.658014725945846685e-05
9.086722959197177291e-05
8.451841038584936004e-05
4.783599961359469006e-05
2.626214405524498048e-05
4.312891965000375789e-05
3.842719015735453333e-05
3.867533185371146694e-05
4.741229914258271347e-05
7.700890484690770649e-05
6.675362846804525378e-05
2.306141387730223683e-05
6.086200725649389587e-05
2.729387416871061151e-05
5.721607806901003995e-05
3.706124154686704484e-05
6.081278378898141045e-05
9.386371004395277127e-05
5.533357343153365510e-05
3.995702275577238827e-05
2.191005391342658155e-05
7.101951385255953451e-05
9.403953638557262132e-05
7.015308755752171612e-05
5.921240055576229360e-05
3.157174678700922507e-05
8.153438841873875755e-06
7.151380571955616916e-05
1.119217094799738630e-05
7.738871635221001156e-05
9.034379406308800070e-05
3.533635157569574309e-05
7.252364366244572723e-05
5.009118425223349816e-05
3.912395677558170638e-05
9.540443254297303389e-05
2.580031742137746213e-05
8.014099934804877338e-05
9.396894052304620958e-05
6.458073661922194024e-05
5.840669031305605589e-05
2.350760129625928830e-05
3.900977960498007869e-05
3.472003679456306250e-05
5.176973831128225403e-05
7.337655010413360172e-05
9.406976880616466899e-05
1.338726058907127084e-05
3.036688825316775933e-05
1.856096715132866720e-05
3.554720396261158797e-05
4.497924127496667128e-05
2.005528732907047246e-05
6.204928138961728372e-05
6.103044733171273165e-05
4.705762832636032901e-05
2.295121795917051894e-05
8.736571047408735950e-05
6.516314078582397039e-05
7.226996959529624555e-05
7.953579682648035764e-05
3.914677888757120124e-05
4.735488513951801058e-05
1.974482619504425290e-05
9.440051715591281085e-05
3.100331260843708944e-05
8.047660480526026947e-05
8.965508091271657133e-05
4.984479964309085077e-05
6.162105156754619779e-05
2.314249160256454720e-05
3.244390664236494466e-05
5.005175250295208008e-05
3.652929080165046223e-05
8.287780852377746961e-05
9.651748497245658690e-05
1.675028537925784357e-05
4.022441377418073058e-05
3.952725961861708044e-05
5.962893581920627171e-05
6.836507843839645751e-05
2.595946984364584165e-05
9.307201760646013271e-05
5.205028012069907518e-05
2.929291241714172554e-05
1.226243942718263183e-05
4.939963714521396817e-05
2.856459138936883802e-05
8.748985537839280683e-05
3.104841406967098478e-05
8.806509657519715774e-06
8.098015070865004152e-05
5.575897479250960058e-05
1.709721384427793375e-05
6.972975728236798084e-05
8.815480063022957725e-05
6.053562838264141494e-05
7.756936121509926986e-05
6.309924214063635862e-05
1.335436057532948334e-05
3.706441339634957842e-05
9.454374657934548403e-05
2.336549104981111471e-05
8.553988620345805160e-05
7.416988348504606802e-05
1.711729595033210417e-05
2.568222765199225418e-05
3.471168327816278253e-05
7.292912581972992557e-05
3.326840403649261113e-05
9.481540027271646745e-05
1.658974885306951328e-05
4.498822454856983924e-05
6.108535853142994299e-05
8.921831660161803554e-05
9.409947406488550008e-05
7.267050999617812187e-05
4.879016620960102636e-05
9.705162691631426779e-06
9.079686859314649392e-05
3.374451771180506733e-05
6.392905145852852307e-05
3.412715530126585943e-05
3.223283196688867740e-05
6.957554884278850194e-05
3.899147028637203988e-05
3.753112370152274300e-05
1.436352251732943402e-05
3.903802638128241382e-05
6.932649602221332735e-05
9.446267969648604302e-05
2.543969786450400283e-05
6.288064413578540828e-05
5.054952780067816962e-05
1.263119456935292853e-05
3.886499683102935456e-05
7.382243487183871996e-05
5.900013993010955703e-05
7.063311083325456087e-05
7.514472001839117956e-05
6.528082117410066742e-05
7.355949395468873442e-05
7.930308512719631733e-05
2.455412583487983472e-05
4.678378284104133601e-05
9.655930635422284140e-05
9.685322608652339310e-05
9.631159415570630402e-05
4.235700519495607947e-05
5.977868211377619786e-05
8.160214187330282849e-05
3.733844892425984075e-05
1.469782578055471006e-05
6.546152028054155205e-05
1.291659658524728441e-05
9.548194196305172449e-05
4.442737399824354819e-05
9.469073223466780017e-05
6.620673729999823165e-05
8.164962934063401279e-05
7.178720355667350640e-05
6.323743718784062160e-05
3.133651150952615472e-05
9.154564812817231182e-05
4.011526267416778133e-05
8.074634757493361298e-05
7.318956900564664342e-05
8.119260221423054097e-05
9.532680661264252529e-05
8.938153160099181367e-05
3.366681845675188842e-05
5.008717386271556232e-05
5.485292405478016544e-05
5.889658448347916662e-05
3.185444545594665560e-05
5.698773516148381490e-05
4.696169022028354276e-05
2.940387928820107383e-05
2.275541822664178977e-05
9.295637822194221871e-05
7.692763434194918441e-05
9.813442552753145738e-05
1.173371038005902629e-05
9.586653195840590699e-05
1.101084484479595700e-05
7.000149241918429514e-05
2.761125987161415398e-05
5.031018835224123834e-05
6.073440533879927346e-05
6.672062927922696451e-05
8.556412116689021078e-05
7.331683268370590967e-05
3.375242355114570594e-05
8.418295301715080609e-05
5.468815247395247923e-05
7.218477241649690545e-05
3.594455085841885013e-05
5.940829025787728110e-05
7.799802863336433695e-05
7.719452851282911587e-05
5.330273846602976643e-05
7.950860026679883045e-05
2.882832374318620243e-05
7.101716416962947076e-05
8.215173347283824513e-05
3.200851728053039026e-05
6.291207468011228345e-05
7.862420991656722676e-05
6.258790854595514658e-05
7.620290486763238815e-05
1.838913930808376871e-05
9.544988712098237329e-05
5.933624134136452515e-05
9.580207469287538118e-05
6.425564107128756749e-05
4.303001403721447857e-05
7.925887562703960471e-05
4.738895082637987132e-05
3.819529668319530713e-05
6.660471670409746545e-05
7.530253468664167415e-05
1.635555289610424770e-05
3.917872536255835830e-05
8.278861032219970116e-05
1.311930716963728469e-05
8.475678616111729775e-05
8.158869239281438051e-05
9.387371429863215213e-05
7.323251946418844033e-05
6.662873520279053330e-05
7.082790948943049514e-05
9.294609738098855481e-05
6.955293181542903085e-05
1.636808560792529628e-05
9.172907216635710727e-05
2.121593599077549585e-05
8.471523001991853577e-05
7.887848461419088469e-05
1.788272930450483789e-05
1.917874925439296994e-05
6.384977732635876242e-05
7.680611127936699703e-05
7.359736063343157186e-05
5.626300062342400109e-05
8.077816572286115231e-05
6.881917039274585844e-05
5.831622686594844682e-05
6.212783478552920532e-05
1.938847819416505649e-05
6.976083786443824019e-05
9.568105127119054792e-05
9.654380832769578072e-05
3.401016225574423539e-05
1.194309087372850538e-05
3.418552431459355814e-05
8.931694976085234508e-05
7.105082351204633495e-05
5.334852820699094141e-05
2.475782552941935003e-05
5.192936027522026453e-05
6.363338427648142280e-05
5.524948530748241185e-05
7.424965215211410383e-05
3.007135597453937655e-05
6.606655136112717899e-05
7.965504096936021046e-05
4.070355698566161272e-05
1.433157294529391084e-05
9.492506851158731660e-05
9.483804571530785727e-05
2.050833963316891012e-05
4.077880371524931650e-05
8.473634920386990488e-05
8.952613685284165025e-05
4.549530458430416628e-05
7.643517383554781315e-05
2.089986517714008548e-05
8.280392376822687012e-05
1.959177154261011072e-05
2.919110835122854159e-05
8.316046208561754191e-05
4.611317232325647114e-05
6.510941646542042088e-05
8.908018010016971651e-05
1.652653685093180287e-05
9.055035387506781778e-05
2.768189943822050545e-05
9.009326236972842075e-05
6.534593680971684205e-05
6.009175485114853164e-05
1.788346233617743109e-05
7.244999503539775645e-05
5.450349380568283677e-05
9.520656963518298629e-05
6.687977601540150922e-05
5.170403755089401958e-05
6.793573746644058174e-05
9.875474634099551266e-05
8.306490377808195785e-05
2.552080537297543900e-05
6.258868198280405555e-05
8.791382886796079532e-05
6.614029667587355190e-05
3.196825582180947204e-05
5.270983422079882384e-05
3.463163624281465991e-05
4.390671020612217949e-05
7.283601816510806783e-05
9.437106840720793936e-05
9.590865700092263688e-05
1.783208623417652225e-05
7.873120445486388934e-05
6.485138105673582723e-05
4.195142134257110188e-05
3.146073931477961024e-05
3.842637664919903382e-05
5.753186822249396911e-05
7.370366382710920349e-05
7.628147270671479206e-05
8.845415908906993803e-05
4.264229524890257936e-05
7.428996328029508173e-05
5.467744982408182387e-05
3.603734781531889184e-05
8.430285028233201782e-05
5.128217279093661666e-05
9.232245005243877199e-05
4.787289662602821697e-05
4.871818418820135618e-05
7.404341564968399206e-05
6.509879264748904648e-05
8.205346272642185818e-05
7.775746789731807990e-05
7.845978042852317269e-05
5.218794588199527430e-05
1.799495098239895923e-05
3.034257571582665071e-05
4.607436110107596778e-05
5.151068066662015392e-05
4.747283950252067716e-05
4.671164092741225183e-05
7.781034089442297576e-05
3.894199633917889714e-05
4.195665230217087208e-05
6.909783143689966788e-05
4.165810613558581398e-05
7.241248023825416292e-05
5.814768198373404317e-05
7.622861806650982645e-05
9.040511766972051072e-05
9.453315913677008404e-05
8.587342293641055297e-05
5.448192496948189688e-05
2.690246682380629655e-05
4.387475104611029313e-05
9.386795584822710790e-05
8.762220497087963383e-05
2.175764725432949450e-05
5.657214542333659408e-05
2.498878284638350790e-05
3.711400180726622097e-05
5.248414034140494108e-05
9.389024545063575213e-05
5.226484879396748446e-05
6.469974732735483752e-05
4.808067592361037055e-05
3.123545513148724147e-05
3.058514996829012533e-05
2.013119806659624685e-05
1.634859887547189126e-05
9.826269377897673437e-05
6.391375921334174022e-05
3.767610563266699111e-05
4.940190336204986117e-05
6.730860440276332504e-05
8.547812295992784058e-05
7.124779547934247592e-05
9.544658465955595153e-05
9.172108481737058661e-05
9.895993351888603877e-05
2.111916713659574068e-05
1.769503568910878885e-05
7.827058597211247434e-05
5.769201532626269538e-05
7.681710273372437982e-05
9.618080680651674118e-05
4.407923277917332681e-05
4.390307491361197855e-05
2.212478916774096886e-05
5.683585415263185062e-05
5.824655034340203973e-05
9.576690321619763923e-05
2.208962052468026882e-05
6.011768523099075790e-05
5.707635367409278639e-05
2.549914131956414513e-05
8.484293054291701191e-05
5.143716564898959045e-05
2.638619595410386597e-05
2.540656633200587866e-05
2.747897309648133712e-05
4.649425174977227964e-05
9.070814619176854280e-05
8.311876554759845752e-05
3.446466642405729658e-05
5.528259341366829167e-05
8.054354875969178546e-05
9.488716496744804211e-05
3.311865647868283318e-05
6.822414999485475564e-05
9.450927563095297033e-05
3.382163505241206499e-05
3.069636754082549811e-05
6.265712441868734144e-05
7.744476553441488414e-05
8.284023449617170702e-05
2.355242651551739034e-05
7.078093953437897680e-05
4.774883758441972017e-05
3.345944417619442068e-05
1.641397706522755372e-05
6.505195574990209708e-05
5.430142025580419020e-05
1.478111757674076255e-05
5.636577843040534662e-05
6.821190157940892277e-05
8.073628621115850007e-05
3.648778496268347444e-05
1.706967943780741644e-05
5.026911483796890308e-05
1.508350923496022103e-05
6.063880180515540349e-05
8.261243554444323172e-05
1.298850876541061421e-05
6.588251574324896064e-05
2.135579590435110714e-05
5.791688706391968000e-05
4.184352222946637566e-05
7.728182199502945087e-05
4.891745411164550320e-05
5.035344411562406146e-05
7.666315654195446935e-05
1.604096080675687110e-05
7.572815992369640069e-05
1.923674167178859027e-05
7.272964078554712899e-05
5.096895781946171491e-05
7.371779107478167550e-05
7.825384085166527104e-05
3.099493119974686421e-05
7.067348923517917565e-05
8.958257409825788934e-05
1.015601500138763719e-04
5.786420444539460111e-05
9.590479242624642877e-05
2.755445763225150508e-05
5.805023381454508554e-05
9.426182310059519364e-05
2.538000440378777037e-05
5.301638548015683678e-05
9.313784193736636841e-05
9.047061152621180952e-05
5.874483980936015445e-05
7.056458841209531764e-05
6.161339339315078582e-05
7.784666414081805122e-05
2.837188226763214443e-05
6.903831589693871942e-05
2.391676640270629859e-05
7.559364707613016525e-05
8.753144842502817485e-05
9.425811434559910169e-05
5.568047966045976382e-05
7.446350942041756035e-05
7.546670991612016463e-05
4.818935514384172566e-05
9.003979043489446807e-05
5.264867399736544815e-05
9.578465002592402729e-05
8.380023102076423602e-05
8.747979549774855923e-05
3.231281119190346278e-05
6.867026844575251619e-05
9.562023096001257189e-05
7.957559449570976375e-05
2.330478222696772471e-05
4.664165711814273929e-05
6.972358507246012127e-05
9.896647431756040812e-05
6.635623725548918037e-05
8.678461511170663413e-05
3.221541298349321722e-05
5.567757913033766866e-05
9.670870817421597454e-05
3.037944096928777595e-05
4.445623101420532645e-05
6.418514940678502216e-05
7.063833340227223124e-05
2.383007551891939607e-05
1.502604927392461282e-05
3.429520109163593342e-05
2.607086966641405723e-05
4.243152536267263026e-05
4.031506310756071776e-05
7.878791640635604901e-05
5.551592995974893022e-05
4.935260592345520685e-05
2.791594131574039476e-05
4.730143305638916974e-05
4.783666818611354325e-05
5.593526975915893865e-05
1.579341613233230026e-05
8.065466991925158687e-05
9.572182919385942258e-05
7.726557802018438261e-05
9.077285131184211050e-05
9.234157178742265562e-05
9.696360935358388079e-05
9.546028327640818740e-05
4.254694971158919233e-05
3.148377251412097413e-05
1.062328510809478656e-05
6.289455683815940181e-05
6.935975245299927979e-05
8.100478202542792040e-05
6.142890576174914121e-05
5.279395802565672435e-05
9.042667948872544937e-05
9.561683060988427219e-05
6.546055133929945102e-05
3.603675568228662858e-05
9.507670770949408501e-05
9.427588257875961562e-05
6.856788167208251964e-05
5.363900625080016290e-05
9.460135334276280209e-05
5.415111755215472068e-05
2.970209056814255254e-05
7.595964283773312708e-05
9.885705727132173756e-05
3.104457124184825374e-05
5.908572875195339632e-05
2.610112366542980447e-05
5.123362699640312954e-05
8.904920413814987302e-05
7.270358986479424175e-05
3.457273653641502217e-05
7.259549840206903795e-05
7.140534656721426944e-05
1.610568894869723427e-05
5.162787891437576026e-05
3.329634354265312063e-05
8.464734315443037214e-05
9.466090632558914132e-05
8.913283834674642046e-05
9.269483267472625231e-05
8.097821596410363859e-05
6.698230991966975145e-05
3.136775252622933218e-05
4.572698789712174817e-05
7.756098597487868325e-05
8.572156538865351259e-05
6.665650357972339232e-05
8.784177442217695406e-05
4.019515136527636209e-05
3.685235514767804964e-05
5.290834233480320076e-05
5.469318105748354007e-05
3.769534798168967121e-05
3.450696992210874556e-05
1.239579024659484366e-05
7.541592337176574921e-05
8.243261421280621219e-05
5.151248851834521955e-05
5.679887085650043156e-05
9.700227731957475168e-05
3.494483220694786770e-05
8.458406910300276800e-05
4.681428935994392680e-05
9.698975143976622162e-05
5.670576249483960001e-05
2.958098266919418644e-05
3.560809771050482317e-05
1.799480924519668575e-05
2.025417668221479728e-05
9.529790124187617769e-05
4.637240872778385960e-05
7.881254419251994855e-05
5.230484027703783664e-05
3.644834524926975267e-05
7.587477189480546457e-05
6.663270638020856633e-05
5.774581599568470161e-05
5.055061338744077021e-05
2.462940990778193643e-05
3.871743175616734669e-05
8.507816216042002127e-05
3.725444183231414291e-05
9.534915016318495798e-05
5.373700980108536240e-05
5.243929307649986742e-05
3.619938412620771326e-05
8.685929657096420084e-05
7.561198673501396024e-05
9.277287420253523009e-05
7.074801674304739948e-05
9.493240320125972509e-05
7.449353243277051365e-05
7.370358170880340941e-05
9.233022869858024766e-05
5.930219024462786073e-05
9.408723182234920860e-05
5.302516205774797332e-05
9.514450358725796281e-05
3.554190673675367809e-05
7.735459774172856928e-05
2.808956001437202149e-05
5.184855752917756503e-05
3.438340680012124371e-05
5.167648744857944340e-05
3.438433166429497425e-05
8.374705318783756691e-05
5.352056795613373199e-05
8.334530544721212894e-05
1.803429401436741828e-05
1.226209141033407218e-05
7.360153941205616187e-05
6.120526275222134193e-05
7.141672503534734746e-05
9.449222370585505818e-05
9.579639717195857264e-05
7.271825902724605398e-05
3.919632935235683807e-05
4.420266212055749350e-05
4.219289162865323965e-05
7.664612657411549849e-05
1.363877497622714675e-05
9.598105390726309493e-05
2.289578830166405439e-05
1.715884693810801846e-05
6.253235221821667317e-05
5.526547736513361483e-05
7.972552653502035030e-05
8.187469069361056403e-05
1.286107079142768643e-05
7.036770167864467090e-05
3.984701871736065547e-05
8.970100366262968904e-05
9.615975362427944882e-05
7.529319615099129537e-05
8.751579202334850858e-05
9.250281050325052294e-05
6.646701490131139861e-05
7.665978667845974590e-05
3.538270960213195159e-05
9.362100877062255115e-05
5.009286775260945394e-05
7.734736115392156419e-05
2.288063794806928725e-05
2.889518509541977911e-05
8.446493998060899781e-05
8.321085853119106971e-05
4.704478350277802967e-05
8.498187247829575150e-05
4.352507948871244063e-05
4.788708129395602740e-05
3.774347146894294145e-05
2.554271073213393349e-05
8.879657347185852334e-05
4.902369776080623467e-05
8.314453809896259347e-05
8.410521270583903495e-05
8.884026699060626931e-05
8.702846117658733698e-05
3.380841829697995194e-05
2.949941978510933595e-05
2.230176023196440537e-05
6.826271769292858332e-05
8.447765862418173425e-05
6.983172908222849847e-05
3.532207990750408733e-05
7.883750483567847356e-05
5.388311949915052337e-05
2.271951399026050672e-05
1.947933743313523701e-05
5.191577579489782557e-05
2.373083330293157252e-05
2.666826365661031391e-05
7.256597423969115234e-05
7.005845814223966644e-05
8.850192997163966577e-05
9.859017578237764341e-05
9.601947646812326030e-05
3.024398191425808826e-05
7.612919583690135831e-05
2.793443797633977314e-05
2.999106656697471886e-05
6.344921957305125094e-05
2.375876384906400933e-05
7.403641482373784014e-05
2.509396345926656244e-05
2.113421909229669810e-05
4.464540122414147960e-05
8.403185396576035168e-05
7.322185023735200914e-05
4.154150851369872694e-05
8.318071938910808437e-05
9.391539822461441472e-05
5.924639769390751783e-05
7.429764688309548081e-05
5.768509128414149465e-05
8.328304713780923551e-05
3.266768071106661980e-05
3.889646476613682597e-05
5.272850801684051623e-05
8.312255109967463793e-05
4.990550709387269504e-05
6.787908567773498567e-05
5.207457941755968427e-05
5.904885227777693181e-05
2.222255953948159025e-05
3.777179452703190258e-05
9.407523530149497319e-05
7.188433471629074051e-05
4.173489312846534683e-05
3.473290404188253855e-05
9.467716323081469011e-05
4.918878519605551791e-05
2.659638251960261631e-05
1.410034321703410566e-05
8.478878199994933505e-05
8.507634750338854230e-05
6.550842047013827752e-05
1.970266896921113041e-05
8.414892032720629796e-05
6.862998470708008686e-05
5.796329952195086878e-05
4.099477909704039581e-05
5.771001753933756458e-05
4.473089429841311496e-05
7.113768303064181846e-05
7.836300337898106341e-05
3.714963158346047754e-05
2.186567254705521233e-05
9.076867564616134248e-05
4.037437730124330491e-05
9.070772836957782435e-05
1.696468655464363037e-05
8.213271615353428059e-05
8.851951017167054500e-05
9.610456446000956296e-05
6.709272711514156198e-05
7.094272067325299352e-05
5.551778927522882335e-05
1.345345779802722749e-05
9.391264363976331792e-05
2.127794064567845134e-05
3.192658100614210179e-05
8.340798330058189129e-05
5.033134221922914054e-05
3.228840227464513363e-05
5.453766386036719411e-05
7.148312736750802655e-05
5.874579330487477444e-05
9.070177382932856174e-05
8.727129795328836942e-05
1.878899970385917125e-05
6.499048564032669907e-05
9.806169245915511529e-05
2.333587261321886497e-05
2.729841554235943173e-05
3.832841093451420293e-05
3.375860498468390212e-05
4.029656364423407796e-05
2.141078617854332727e-05
5.199429741978737687e-05
6.696747864564817922e-05
1.965349042580819591e-05
2.459909123866967469e-05
1.383395729903509959e-05
6.097797650999661203e-05
3.607854719715721718e-05
5.059438965985190795e-05
1.602615576502314891e-05
2.628980535737044489e-05
1.458932349646307875e-05
4.590772222312912670e-05
5.203081479665729741e-05
8.398332132285414662e-05
4.065284599873898882e-05
4.977942710368417177e-05
6.214895645630285953e-05
2.188096173569742831e-05
4.598522074847935211e-05
2.254049071793668769e-05
3.058534259431820929e-05
8.359845921863168943e-05
6.180261704049929132e-05
9.424259023170343400e-05
1.312852267776258604e-05
3.882278873665345222e-05
7.043430454016655969e-05
8.002824085918344179e-05
6.353501121769174068e-05
7.205380411602987532e-05
3.695144748507046145e-05
8.138242164160631499e-05
6.871796720963563808e-05
4.900316250750858736e-05
9.205161586306036823e-05
4.445963690736540544e-05
4.840651640007150481e-05
9.382697190379087884e-05
6.577305166920281991e-05
9.702782668236610759e-05
1.401386510975829793e-05
5.040686375517159962e-05
7.619109771541479625e-05
8.176258367231059143e-05
2.996393807608380291e-05
4.391158476565246562e-05
1.021306140562968311e-04
3.031170437298978342e-05
9.324048223550580861e-05
2.992099476620074954e-05
2.045535650233583060e-05
8.691002615867607535e-05
4.824059398446214669e-05
6.244572406199470373e-05
2.263138271709852915e-05
3.823040438160413485e-05
4.814377789416287196e-05
2.285391084107238880e-05
8.826237266830640063e-05
6.819735254980834136e-05
9.268788938071161683e-05
7.504647272158305527e-05
4.841248426031787060e-05
9.171524640318657652e-05
6.779702368911455501e-05
3.869160288636104561e-05
2.589581432447747689e-05
5.528431945406645214e-05
2.376415591610220131e-05
4.137595614786589572e-05
7.535207310637222634e-05
4.884149621027184874e-05
5.192313949626152421e-05
6.943269822152917320e-05
2.669263025528738662e-05
6.187370302454947297e-05
8.056583159881967123e-05
7.657559679217933234e-05
2.988068423107093999e-05
9.495127399940860393e-05
9.595062438774078499e-05
8.619632221204664838e-05
9.397752199603013907e-05
5.810360797275464895e-05
8.255375502746880331e-05
3.011794535435920981e-05
6.287913006094747763e-05
5.573088660430219893e-05
6.942993301706405578e-05
9.344985289809118858e-05
9.357063115138121304e-05
6.762895942847725454e-05
3.545432474225225711e-05
8.191667301290505589e-05
1.164013361360750686e-05
4.583584482637533106e-05
5.494518380761448406e-05
4.270870081009554115e-05
9.444327470772296282e-05
6.266533301973168822e-05
2.072695172152446970e-05
5.759238773080934629e-05
1.445245228183537451e-05
5.179189067977833707e-05
4.186191516183807308e-05
6.806356426581090390e-05
2.751855201966355794e-05
2.198999106809874514e-05
9.297228076246994441e-05
9.594268793065541766e-05
5.547305164615277018e-05
2.586431870270049300e-05
2.255034769645735218e-05
8.386031233742098222e-05
8.530953949922913740e-05
3.992007581146850964e-05
4.081614568022479079e-05
8.645340674330455842e-05
6.848616920632150183e-05
7.313302237264459585e-05
2.992550598637563067e-05
6.586457274941646207e-05
1.727784659571054176e-05
6.184137643697803100e-05
4.307141549820011738e-05
3.845167538676215696e-05
3.491862581883674148e-05
4.432207741800821580e-05
8.074711163337058872e-05
2.091786170018180679e-05
8.992675278168504286e-05
7.359576368803120527e-05
5.005792270128454446e-05
5.887026899368227905e-05
9.307531740140611470e-05
2.217078825107419440e-05
9.693873526126579789e-05
2.929132065078485605e-05
4.039246604846035099e-05
6.985198670144925743e-05
7.428436036981741087e-05
5.187908868221856714e-05
5.285948304695377168e-05
2.829693440288457698e-05
3.222715922582457065e-05
1.338819004144134881e-05
2.525057911127328274e-05
8.540105100641543151e-05
7.506870491717434904e-05
1.363393561599723576e-05
3.923872487969471377e-05
7.323595245247699445e-05
7.503859974495395821e-05
6.244170416835967006e-05
9.080153802090796329e-05
1.863677407911843014e-05
8.891177385223343567e-05
3.367439406870975508e-05
5.446904499872018017e-05
6.796482801556262456e-05
6.911452745266042188e-05
1.862301463332010335e-05
7.408891907137042697e-05
9.521905581738078495e-05
3.851445527153034547e-05
5.778103230263515703e-05
5.773247456564077439e-05
6.169106516687675331e-05
4.972113351848176662e-05
3.891786407212088157e-05
4.762474583809811306e-05
9.380507014048575947e-05
2.299624149716475576e-05
1.600930425149000818e-05
3.979746172501274159e-05
1.493327213791778208e-05
2.170581382343352548e-05
3.052758240325604828e-05
4.602171154698421452e-05
7.048962659222248004e-05
7.653414369068880585e-05
5.271015801794416331e-05
9.529466276365908457e-05
1.355767932515755753e-05
1.144805426109359007e-05
7.596691512700795589e-05
6.417919877015677052e-05
1.002288083738994522e-04
5.072603404227017112e-05
8.141439375530303837e-05
9.446841957244769871e-05
1.723555970862244359e-05
2.704310025473767991e-05
6.965692763423662177e-05
8.912713560349028522e-05
9.584234254134628883e-05
9.599567306512894532e-05
9.614822212888927218e-05
9.618912115955089467e-05
4.362815070434832964e-05
3.131576795580929000e-05
3.686426208322533891e-05
5.526445164832071035e-05
2.476666238308167261e-05
5.512604792960986637e-05
4.337937654323574559e-05
9.130664207655713404e-05
6.702307088016257761e-05
1.359082137244090308e-05
5.722236811457255838e-05
9.550887201211211684e-05
4.985112301603592346e-05
8.217154046312501528e-05
9.533001225235545857e-05
6.983968826237746310e-05
8.867301588199923027e-05
3.030993620513069639e-05
3.946185006097674885e-05
2.450570388460495682e-05
9.018940416720667389e-05
5.365215629136119450e-05
4.964183870552583440e-05
2.382685890719897037e-05
6.543443676464266571e-05
2.875447778456781238e-05
3.717324847354012843e-05
6.814329497940568978e-05
8.134810768979026637e-05
8.192647960866489081e-05
9.045276914713371334e-05
9.461794342597467690e-05
2.776798650972531264e-05
6.859841014190665284e-05
7.754472813392071300e-05
5.628637665088224594e-05
7.661528510794266391e-05
5.608022473456538754e-05
6.690217364658021916e-05
6.240061426445967657e-05
8.141327432130391435e-05
5.332598252808628387e-05
1.209351330993065566e-05
2.664475024024173829e-05
9.443581291637722481e-05
9.405370277839047045e-05
2.793865555782522724e-05
1.107638497359395302e-05
5.897588941740696948e-05
5.932993898924826109e-05
3.882691255371843996e-05
2.393973600845462446e-05
3.301524360920989347e-05
9.523804523965521442e-05
2.145452225227200853e-05
2.478470138308149187e-05
5.530529615452347138e-05
2.220417602412540345e-05
6.912901058863549989e-05
2.672020004005103345e-05
2.869919409170894654e-05
2.180671761631378536e-05
8.309038488682837396e-05
4.966404134172656195e-05
7.096294558278409999e-05
3.176950786392407898e-05
7.268638336408090629e-05
9.167695577094546857e-05
5.772267211033856277e-05
9.041474322185711027e-05
7.548428153705206479e-05
7.008949540150742705e-05
3.647981742153677716e-05
3.555247254609655990e-05
4.328285765107638209e-05
4.277092549888509508e-05
5.019732341218126619e-05
6.174010413737412723e-05
3.165946949097054469e-05
3.807592448217496698e-05
5.038689286215436420e-05
8.666097249325153669e-05
2.592837606596577564e-05
5.453899193547074534e-05
2.414708411392834460e-05
6.873796630367035639e-05
3.456969014503553526e-05
4.400100022021702058e-05
8.151516982094317743e-05
3.721417510631060902e-05
4.595904838216949159e-05
5.168756953575164405e-05
5.478678342354615586e-05
1.722400346609120707e-05
8.022977688255830513e-05
3.927787921932300813e-05
6.601766163777534463e-05
4.906250457750220236e-05
5.670851870957775872e-05
1.678495390376811614e-05
7.493281025526440627e-05
1.975355556592910591e-05
3.439349606267972422e-05
3.404744099316067056e-05
1.365338095980509854e-05
1.950738862414748539e-05
7.872061962597187473e-05
9.485974356620346308e-05
1.014903555715948244e-04
9.439660369494907435e-05
5.987807844343895792e-05
2.420969016879896083e-05
8.523332652201907390e-05
7.047237552424245161e-05
2.920022448516675469e-05
2.640334775202799752e-05
9.547755186713355552e-05
1.531678954842590365e-05
7.607707705424775842e-05
3.849345441081253880e-05
2.988791423255094128e-05
2.571573935565667484e-05
3.326565537836754323e-05
3.411864284692468676e-05
3.600919014735825413e-05
7.211440983436979101e-05
9.447804079525118229e-05
7.883773557308717248e-05
2.678356407791177137e-05
9.675469707614260608e-05
3.866397237055651571e-05
6.578412996404360178e-05
4.166919222836077601e-05
9.117763881195823099e-05
6.991503153081293775e-05
7.575800245684763433e-05
9.463730067393551952e-05
3.988025648234579644e-05
2.102537142517620859e-05
2.193790700866099790e-05
4.308464556157110811e-05
9.494691245634796881e-05
1.423938192032125254e-05
5.845779441491805737e-05
7.810528921937105284e-05
4.004893673491198938e-05
9.258310615067718771e-05
8.354424397778987372e-05
7.463977104733072099e-05
4.700473204245029786e-05
5.954704049199094947e-05
3.515875957896778944e-05
4.991596952934458339e-05
4.570424992688530729e-05
2.722601489482816519e-05
7.744299059254486253e-05
4.731054559768537728e-05
7.831551478221468357e-05
9.879128696666704618e-05
9.547430908105664809e-05
8.194110084100435004e-05
6.236971851933999916e-05
8.368958969235171632e-05
3.959844475127000151e-05
3.978057158537266281e-05
4.109425101113190675e-05
6.789166233588876231e-05
7.814934017290803064e-05
8.453960940418173782e-05
6.173086762156592116e-05
9.474362605369268989e-05
5.362661094838890280e-05
1.222386511680562411e-05
6.403780244461968710e-05
8.825512904753164082e-05
9.917645966509949546e-05
2.838281411014499013e-05
1.327191472999210206e-05
7.448972889598709035e-05
1.163519001279604472e-05
2.793165565664007551e-05
5.736641354617052634e-05
6.604547102068923084e-05
8.249828204698070951e-05
1.280700588514784919e-05
8.327707113540818785e-05
8.748635299812601877e-05
8.341510285105841285e-05
2.784102581858478834e-05
3.490074131092697209e-05
2.251538131143534540e-05
2.090964828730106518e-05
7.911979749358770051e-05
2.460685286749034997e-05
7.063015919732255378e-05
4.218517029051875703e-05
6.092671933357440812e-05
5.095633205121231625e-05
8.933472734855651509e-05
6.310305828808340746e-05
1.440226584671336028e-05
5.950027556421051147e-05
7.416037248127377909e-05
6.941129495331040925e-05
6.790834469460100176e-05
5.050169397492550887e-05
5.166471543207158218e-05
3.018657934220334612e-05
3.477622257023330120e-05
2.356182069661304516e-05
4.857555300510741996e-05
3.255076600873579005e-05
3.247675844418919253e-05
6.374502540333357799e-05
1.142788885656571691e-05
8.427532952901783090e-05
4.678580355101136131e-05
2.829480955011563423e-05
2.364977505230986144e-05
9.662669080830337573e-05
3.138191935112817448e-05
7.979104993803426697e-05
5.365294365981784265e-05
1.535169797954456965e-05
1.600603623725846257e-05
2.697340615306874831e-05
5.292228535264818692e-05
9.565726432561251393e-05
4.422825301089735955e-05
9.344739118343762705e-05
4.802801413291626090e-05
9.161107992544186257e-05
6.225857269633017742e-05
7.609330539018945992e-05
1.653590053464064233e-05
8.698382244535307693e-05
9.254522579066536906e-05
9.379699914361064208e-05
9.315929154804104676e-05
4.401679975916081321e-05
9.001040255129001829e-05
8.825450780394419751e-05
9.456594885617090808e-05
6.512747082153203177e-05
4.612992707732252147e-05
2.616485898095548943e-05
8.803244787150443676e-05
5.591494077737501597e-05
7.180839817825751081e-05
3.958536511419931273e-05
9.019188105671729319e-05
1.584443711009999353e-05
9.222208348285006706e-05
5.479669368377851823e-05
1.324911988160387555e-05
9.728784232401218148e-05
5.412555311754915251e-05
3.817347695943790295e-05
6.572360750031420778e-05
9.755624054659170485e-05
7.649528256832872626e-05
5.466210879353707193e-05
9.553943765204709780e-05
4.137997267102377355e-05
9.129856494299267474e-05
4.400123543668054863e-05
1.164092888443212907e-05
3.340305232565776868e-05
6.611239607417724662e-05
1.317659526134903077e-05
1.287216917983851040e-05
7.250147856236988347e-05
3.614083968458214966e-05
2.627330839551733188e-05
6.658558312059052395e-05
8.710111477691520436e-05
8.052897682493372414e-05
4.862579915729630374e-05
5.871748272789284256e-05
5.778813314031297976e-05
2.678688254238903007e-05
6.094370816349898104e-05
2.689351770655855952e-05
2.896562116376648173e-05
3.859389348715508634e-05
2.642797466781855715e-05
9.559059172281893463e-05
3.937585527905333119e-05
3.110221708491897808e-05
1.603184610838835565e-05
1.126259093635721890e-05
7.473486136309918048e-05
1.665203855618412006e-05
1.656203390740558506e-05
1.558742673110589068e-05
2.131536009841896703e-05
2.031902372523287833e-05
2.088981817905649738e-05
7.452252623445256821e-05
9.114907222042465903e-05
9.544295607067888258e-05
8.793559859230452576e-05
1.573818141893416688e-05
9.670449413548863138e-05
5.679904014300568945e-05
2.851696027563383718e-05
1.605498829386240258e-05
8.114384931738548279e-05
2.054311318504749203e-05
5.712717846706272609e-05
3.419393903433100908e-05
7.255701561676714667e-05
9.287627047583322821e-05
1.508631386907587393e-05
7.982728627782625333e-05
2.463029046236826856e-05
3.926436816057791979e-05
3.522335611670015935e-05
6.461455212399133067e-05
6.246355014002843683e-05
4.466265183896754132e-05
6.107203939370906649e-05
3.234597549550368616e-05
7.664195120440955009e-05
8.067430223236292299e-05
4.606156084617613972e-05
9.264304236371431658e-05
6.074696573473820196e-05
5.506490440245741128e-05
2.135955093654806793e-05
3.808598872953591961e-05
9.710905674370292500e-05
1.852223832897586115e-05
7.342233750762462057e-05
6.862706483865216658e-05
8.160988369174408587e-05
4.912606918588301234e-05
7.950246803852819384e-05
6.075752096429920085e-05
3.039113235272654072e-05
6.459401463360328762e-05
8.559209784543795891e-05
8.546270938627188144e-05
3.778459586073640590e-05
7.526046887258671964e-05
7.272618334023521361e-05
7.266042438314932155e-05
8.196744076563913903e-05
3.126350288837132153e-05
3.303772030012239289e-05
9.535305335961295889e-05
9.611310493393485218e-05
4.609273145976542290e-05
3.732586431573313305e-05
3.300330834485775322e-05
8.516841355826613221e-05
2.692234802482692128e-05
9.499740555586220700e-05
6.488144332105948641e-05
6.702257825471846461e-05
8.747109774280580931e-05
3.561771058256028941e-05
7.264295720457036734e-05
4.869906587107660113e-05
5.335847058008373638e-05
5.769159323615425197e-05
1.427840906806153845e-05
8.453537062929966043e-05
6.152639444254499889e-05
2.348391633011190862e-05
3.884222155638736382e-05
4.248378921967455724e-05
8.285139638876230523e-05
6.684514999276353140e-05
1.562326601634138006e-05
8.074037614209292584e-05
1.967721826637680623e-05
7.657605034068257059e-05
5.097142354090454801e-05
7.979883035113492090e-05
5.028464701422226412e-05
9.902987554016859438e-05
3.909665660929505210e-05
7.955723732463457828e-05
9.149865591742090631e-05
2.530680740995738248e-05
5.613232781405243037e-05
5.685428073093662680e-05
3.107112474292383669e-05
1.802882386757599547e-05
3.046386088653569289e-05
6.749211015616000161e-05
3.093533033560358521e-05
1.803592109418627784e-05
8.784976779521849527e-05
6.545604485213677999e-05
9.161099017092013590e-05
2.512552511918106642e-05
9.856876623356884486e-05
7.389417977958037697e-05
5.266761422408462821e-05
1.295641093676757450e-05
8.621776997716245120e-05
7.881751383438061729e-05
9.585353128578754539e-05
7.033295168397602675e-05
5.080401755806357455e-05
2.633609264592271919e-05
1.852115024351622406e-05
9.069102131399865111e-05
4.546574454735658800e-05
8.447246389771067795e-05
4.774055810128556392e-05
4.609786636340526761e-05
6.620955045976276208e-05
3.111932288157892736e-05
2.394113104700283233e-05
5.682720106178979283e-05
2.979726940481882306e-05
4.770946512544794993e-05
9.011301531855082643e-05
9.264331672581126859e-05
5.888296773641428809e-05
8.815952728907921489e-05
4.722110264171184207e-05
3.746995318354528727e-05
1.605129993737726513e-05
2.610250865143407781e-05
1.424201751036036462e-05
5.277943664888309775e-05
3.811605373492899451e-05
5.151673135984345426e-05
6.032396525150800703e-05
4.629154922995992749e-05
5.405027246183115850e-05
7.111247556943141627e-05
4.866950354169890180e-05
9.640220641088472528e-05
5.814473435713428352e-05
7.337393252080702337e-05
3.285655326543834463e-05
5.869738065094144886e-05
5.604841764718092751e-05
9.431444579961736007e-05
6.193007038914406955e-05
6.833222561385037864e-05
3.604766281705166706e-05
9.590781524223560494e-05
4.316852233766786022e-05
7.975659972506938329e-05
7.353435261327012998e-05
5.475059841766228175e-05
6.162213467784546873e-05
6.109538408090873021e-05
2.385634705427014209e-05
7.285040100823929180e-05
6.762185575023032971e-05
7.654656019430935185e-05
5.643236275922703320e-05
6.952355858950215928e-05
5.727706113667410659e-05
1.699070230642220729e-05
5.793573801544546850e-05
5.021338303796168859e-05
6.416134128690891480e-05
3.784290400442425715e-05
8.178700324069007317e-05
8.237871841912788797e-05
5.295722166359905772e-05
