1.000000000000000021e-03
1.000000000000000021e-03
1.000000000000000021e-03
5.000000000000000240e-05
3.519558929417401625e-05
3.512762110187629450e-05
3.326122984663488103e-05
3.785186439521464724e-05
3.339700968923139040e-05
3.370729457168836576e-05
6.270757264556530612e-05
4.152611332614564968e-05
4.478135351056120050e-05
3.567703325851216619e-05
3.366180721180475854e-05
3.551271650440661587e-05
6.192988438677626470e-05
3.991483874010941354e-05
4.675911922035386236e-05
3.339753133649360099e-05
3.761171493122748963e-05
3.425414088281541092e-05
3.468258003743482192e-05
3.568843553968460063e-05
3.569109141204575346e-05
3.400299642924045320e-05
3.543462009328931118e-05
3.333322904008882318e-05
3.339216889321147696e-05
4.231019273712834035e-05
3.656468024547382531e-05
4.130558471769183880e-05
3.319124638997759502e-05
4.842065648333326449e-05
4.606018530807637481e-05
4.716499769420552852e-05
3.946857690591635810e-05
3.660608843210856806e-05
3.379052826037329070e-05
3.366135346904243529e-05
3.370907439917688811e-05
3.860328239083034730e-05
3.517537745780701595e-05
3.326638687303979850e-05
3.646022746152700346e-05
3.585727907850489289e-05
3.618451037993271140e-05
3.852061619261177081e-05
4.020533892035890565e-05
3.565005791393186196e-05
3.563200269872330493e-05
4.887838699836625697e-05
3.474451932297811254e-05
3.421344812667261655e-05
3.335203486684176972e-05
3.400677468670799768e-05
4.282767540399705494e-05
3.613146950480709271e-05
3.708758422581257002e-05
3.583981990019380630e-05
3.433222919274768925e-05
4.296263969935707036e-05
3.966507204908849087e-05
3.859014225033117188e-05
3.782489141125816508e-05
3.739977037170453742e-05
4.864832408136290719e-05
3.715681313944862513e-05
3.509544807062528943e-05
3.544650867362955703e-05
3.714234667290983876e-05
3.421615969750620818e-05
5.482154139469848391e-05
4.739794693443423316e-05
3.496351102136704476e-05
3.759048375138487435e-05
3.322077646226181366e-05
3.343390441778784357e-05
3.359301517538416476e-05
3.680838307591607157e-05
3.941520426467302126e-05
3.927002238840659402e-05
4.162463489555930985e-05
3.768671154954438110e-05
3.586688119754274218e-05
4.310965270193089111e-05
3.738352083685819792e-05
3.446922123721070548e-05
4.143244009728593122e-05
3.438123561830695778e-05
4.761271446293611034e-05
3.915523406918790131e-05
3.640430765563694090e-05
3.397568695931452583e-05
3.400647136559063587e-05
4.703970173066584554e-05
3.521341448240169147e-05
3.537649631905183070e-05
3.453242844891690955e-05
3.449995029962686817e-05
3.804077172768771675e-05
4.249158808274419431e-05
3.515770046304408317e-05
4.729428385720356898e-05
3.373230145849572746e-05
3.457238794294941896e-05
4.353660411518580497e-05
3.950580173330171129e-05
3.379350250518144735e-05
3.452571207467525807e-05
4.189273634547467770e-05
3.326609391908025249e-05
3.656384444024086559e-05
3.331010390432487988e-05
3.540187598628477306e-05
3.324345642641651869e-05
5.438606185539306511e-05
3.363540544270933919e-05
3.670719436879063384e-05
3.706995489497193224e-05
3.339431415469219539e-05
3.863045803112951179e-05
3.816605395119998013e-05
3.959490596583723583e-05
3.480522516833505056e-05
4.297989733814530026e-05
3.771766999024816152e-05
3.499660454931197997e-05
3.429453947705356551e-05
3.462634513557463723e-05
3.539071213357019007e-05
3.785397970243822591e-05
3.710755511473706422e-05
3.413106040539406121e-05
3.518499775433549910e-05
3.876805418762040655e-05
3.846258011804161566e-05
4.565333595674436919e-05
3.325381276670767055e-05
3.481313874896093600e-05
3.588649233970299802e-05
3.737359163032948084e-05
3.555252773700505068e-05
3.542466759064204695e-05
3.825439196848893337e-05
3.391577606504139584e-05
3.366770433772762875e-05
3.704931821932415235e-05
3.771460010903851713e-05
3.333180140093647362e-05
3.336064204493960605e-05
4.754833365607672531e-05
3.495032106863287121e-05
3.583280101909760084e-05
3.362886717514055755e-05
3.511692259167508811e-05
3.436147387964927130e-05
3.908498169149706174e-05
4.054184536393770936e-05
3.422783981095569764e-05
3.360102621376983515e-05
3.455865135668731317e-05
3.414944634981689704e-05
3.475763945337275948e-05
3.383185063415586834e-05
3.426475920953231434e-05
3.716608169773002530e-05
3.613891325514047536e-05
3.717668197315828155e-05
3.623657419036669096e-05
3.740405785998771201e-05
3.371556998910825150e-05
4.450576169419214368e-05
3.333553039000546666e-05
3.323555852357743369e-05
3.575678387441291094e-05
3.369276377426625341e-05
3.591677929226297621e-05
3.524186827794499621e-05
3.750423745339979639e-05
4.289468468111482983e-05
4.146551412074417017e-05
3.368172695120931010e-05
3.324351512756168681e-05
3.379776620416316736e-05
3.835481473553969354e-05
4.640124972600571479e-05
3.790368818961099660e-05
3.907467259949928172e-05
3.433649942945447571e-05
3.801499818336494935e-05
3.848806795463256380e-05
3.519774668481808356e-05
3.402330821618451104e-05
3.534558765550010247e-05
3.346270566311809389e-05
3.340034204998751480e-05
3.768359314389861951e-05
4.138498253288913718e-05
3.593164762066396325e-05
3.379212770790476864e-05
3.324104943399871956e-05
3.800425685893863667e-05
4.229044692234699358e-05
3.500343196982014005e-05
3.357866199854597674e-05
3.362445897880707730e-05
4.237634168415110170e-05
3.972903852577525384e-05
3.423387881767238393e-05
3.382130211913312375e-05
3.467034910086065126e-05
4.471700036397517245e-05
3.536788502414352518e-05
3.631723247942687490e-05
3.590267787703329714e-05
3.657276451368449773e-05
3.976972133514605193e-05
4.104699979720353629e-05
3.340570088656418939e-05
4.179965233985904875e-05
4.524129580323163653e-05
3.438546239408050059e-05
4.213796854397852584e-05
3.643385980233868266e-05
3.349123759944297045e-05
3.429014704539257776e-05
4.046802939756502954e-05
3.360293554373353439e-05
3.565872517338300224e-05
3.424267481806189174e-05
3.625506249600882002e-05
3.982476407785953969e-05
3.465258266499935812e-05
3.483321083911189274e-05
3.502404485421864195e-05
3.387322979773606902e-05
3.513425270593613901e-05
3.729286858872069796e-05
3.599316991425485220e-05
3.462151630008150394e-05
3.597624586449063442e-05
4.791089727733062914e-05
3.750971359700971237e-05
3.381895055394753912e-05
4.352927770262028808e-05
3.376791730551987692e-05
3.415023682583307011e-05
3.339077716957065224e-05
3.669174277593831556e-05
3.391791480428227377e-05
5.460222116155691275e-05
3.522490871540066355e-05
3.637083918286772598e-05
3.494727725640186763e-05
3.554054106537544804e-05
3.803556411289147417e-05
3.946160022911170075e-05
3.922839985229035467e-05
4.133103831748171644e-05
3.604355271965522834e-05
4.559374340860116652e-05
3.463681000315105150e-05
3.378337028683083850e-05
3.545401031056255359e-05
3.433010695955618694e-05
3.842449754762648843e-05
3.579623695901587289e-05
4.064507745008406040e-05
4.257285064501258422e-05
3.654261545017622488e-05
3.649172236757445550e-05
3.407200869255101424e-05
3.389308815865266894e-05
3.915981795473930262e-05
3.360854781620288301e-05
3.602871699065552844e-05
3.344383960578095535e-05
4.361667973137059955e-05
3.691563518647103564e-05
3.713520503733071742e-05
3.644400741891364021e-05
3.335939205696114552e-05
4.455667902389983661e-05
3.422033436118851777e-05
4.833603755087071031e-05
3.933946354744390290e-05
3.723811198500809750e-05
3.877757041296969113e-05
3.714303899433420337e-05
3.626340728876751277e-05
4.159111538411670557e-05
3.719882720032590176e-05
3.357560656102122793e-05
3.737291099081006454e-05
3.345760259878056199e-05
4.140192590939526944e-05
4.124235343432634349e-05
3.877635961365827864e-05
4.162458744756708545e-05
4.110051672791432547e-05
3.322080586800676966e-05
4.406359363650541231e-05
3.812654660078094787e-05
3.549642919185702205e-05
4.570331255789308666e-05
3.339077716957065224e-05
3.412529896641399232e-05
3.848259336025668939e-05
3.954269358725885641e-05
3.476275391249465197e-05
3.690500354623506247e-05
3.332801297177394057e-05
4.001999670249887934e-05
3.474722240448965908e-05
3.507816644078664127e-05
4.216614062492748347e-05
3.386637081103150874e-05
3.839022316899089963e-05
3.768617107673667791e-05
4.354693083493344429e-05
3.667286801554806052e-05
4.036041151656850196e-05
3.888556611552203236e-05
3.763276712179435213e-05
3.526429645082269102e-05
4.108591785250874991e-05
4.835071028347414995e-05
3.558077814638553810e-05
3.630369307644839985e-05
3.720332943561609131e-05
3.630599667605851006e-05
3.498490280199795021e-05
4.100763394716378207e-05
4.092505987608913186e-05
5.084834003842790117e-05
4.090013335416920376e-05
3.427196802828185986e-05
5.066049605999416758e-05
3.675707182944281206e-05
3.813071375087231853e-05
3.376597728534109214e-05
3.790129399668340461e-05
3.344715915271077899e-05
3.531885419481455474e-05
3.819455398247219411e-05
3.606053088478654756e-05
3.928167501694268364e-05
5.258067127534091770e-05
3.347607303881604615e-05
3.510727615825176470e-05
3.556830584967986080e-05
3.661322485885582233e-05
3.832943950593164031e-05
3.824333545028396430e-05
3.795107713606843007e-05
3.646127470342386929e-05
5.254495215624441700e-05
3.844184929922820796e-05
3.534323178618376269e-05
3.610555851796453731e-05
3.961307764935148899e-05
4.025817176161221653e-05
4.021636585599852094e-05
3.427736516218626622e-05
3.410501708841680855e-05
4.639467881500324134e-05
3.481107031658805834e-05
3.339631412469158705e-05
3.728357941341685171e-05
3.569746328924902612e-05
3.715700765002888866e-05
3.346541489524236084e-05
3.523799307073941238e-05
5.450042922458632396e-05
4.322444761028345153e-05
5.137634793300219704e-05
4.051255077965671325e-05
3.499713966602796013e-05
3.342598511218982602e-05
4.025543234115351235e-05
3.621305032321797809e-05
3.719889183631403255e-05
4.293656495871653821e-05
3.753113367707093539e-05
4.482148253922172494e-05
3.668932614819422715e-05
3.740087421075076755e-05
3.683390976285808363e-05
4.281838637171884180e-05
4.208642517210201684e-05
5.155941146770754769e-05
3.382961297845347510e-05
3.640231839652435726e-05
3.541085931319850065e-05
3.649544678211014403e-05
3.444645762307284033e-05
3.599774532578497771e-05
3.357520672757627670e-05
3.418350021484208956e-05
4.064252737984854700e-05
3.352311650809341277e-05
3.530612571269268736e-05
4.183734732412897029e-05
3.358856549730275694e-05
4.569292539598158662e-05
3.791297454107704705e-05
4.220187700566938499e-05
3.379698089706965045e-05
3.622044806649113191e-05
3.489470131121722417e-05
4.379836006079498465e-05
3.510282927434274139e-05
3.446393291687508418e-05
3.425043720012148249e-05
3.829041433085394249e-05
3.359007742871974881e-05
5.118269584640233467e-05
3.705785536063860227e-05
3.975802732974220314e-05
3.347388456001399099e-05
4.497002555722396484e-05
4.186936303245265937e-05
4.773327563684574392e-05
3.555640698677874041e-05
3.525128889378032930e-05
3.642975293975337167e-05
4.261877792985827815e-05
3.624659672874696654e-05
3.883880109858578624e-05
3.555918761944336761e-05
3.451152713554176874e-05
4.841094964230175843e-05
3.349580915951131001e-05
3.868567740607521655e-05
3.623437423002896324e-05
4.001601365398928673e-05
3.457889505640263127e-05
3.812940536036879340e-05
3.970602522429755404e-05
3.412991379187155509e-05
3.581710228896664366e-05
3.418426134491874549e-05
5.038832459038278315e-05
3.343994158981106093e-05
3.673679533208458974e-05
4.843150511102837981e-05
3.353211939565168057e-05
3.373531802953875407e-05
3.342378760216312985e-05
3.445090190370963124e-05
3.326791011927695814e-05
4.056850199628301792e-05
3.412357820765330460e-05
3.580195910946963172e-05
3.920654546248709873e-05
5.315865637776518441e-05
3.767535714147684101e-05
4.609677940380155621e-05
3.584051203401440673e-05
3.835182365279420855e-05
3.769959343748385198e-05
3.809921772144443864e-05
3.725462229204923618e-05
3.412051849163535343e-05
4.230453637400484972e-05
3.663238647973556162e-05
3.455173783704372281e-05
3.459957952704034826e-05
3.664218153958846903e-05
3.491046361397116371e-05
3.436977868718836770e-05
4.123615519619973938e-05
3.698719589117958298e-05
3.354306299858222224e-05
3.619213327998764763e-05
3.932412294624445132e-05
3.888836939063261539e-05
3.786723917389220041e-05
3.330595829563881967e-05
3.449790933786638423e-05
3.358805196858362239e-05
3.649603714209368556e-05
3.635340756166343659e-05
4.451904505905334298e-05
3.779291589762111216e-05
3.947110305476580675e-05
3.542740283148361561e-05
3.424611033656617463e-05
3.943382471026525533e-05
3.329073583169975899e-05
3.548914836489205286e-05
3.559336005508567067e-05
3.421667482916409885e-05
3.636664393193619194e-05
3.828981737462207991e-05
3.466598176883316928e-05
4.104928417153228611e-05
4.002979106948818035e-05
3.972375176997104847e-05
3.680880448397398213e-05
3.829314010572650045e-05
5.218471132245941084e-05
3.449822743167139005e-05
4.048510985190242547e-05
3.342265977827027273e-05
3.993654808474167976e-05
4.571058826811908701e-05
3.490889852774911074e-05
3.355737226618108794e-05
3.446884926753181758e-05
3.838789174571420094e-05
4.069043230020243573e-05
4.447093648716398604e-05
3.442711862617179339e-05
4.417321842049203923e-05
4.740668646054750353e-05
3.615120138204646878e-05
4.007460951506623616e-05
3.336096178861854781e-05
3.418866411150011883e-05
3.772592207496504936e-05
4.053594347063873616e-05
3.814051268962112155e-05
3.622700747834766381e-05
3.616373416015221956e-05
5.090280410941636953e-05
3.348700953556783068e-05
4.130371071349577347e-05
3.756349455326395457e-05
4.013073237619850883e-05
4.922916638406816370e-05
3.714483453765489868e-05
3.511979995889193465e-05
4.164840345017603004e-05
3.643588994747229588e-05
3.867575042616434248e-05
3.344863100966409200e-05
4.356927999552783718e-05
3.639676060589010833e-05
5.455590068213697483e-05
3.440996557971448734e-05
4.652270208432708311e-05
3.367019842074109510e-05
3.324674325166374007e-05
3.738626231616133682e-05
4.929027816730569483e-05
4.684859095363246039e-05
3.922968436235707400e-05
4.150569087842315212e-05
3.356617843020849850e-05
3.724324543269553849e-05
3.418004736105364501e-05
4.665323156564011892e-05
3.496685745636715024e-05
4.083885868060257209e-05
4.630277016563167991e-05
3.675918683424408506e-05
3.363779246063319632e-05
3.436554660394504953e-05
3.804520779838865694e-05
3.567978811723400569e-05
3.407954947415094984e-05
3.415911940648993394e-05
7.195170210519616903e-05
3.699745655423577415e-05
3.420712787290289237e-05
3.562865547955516729e-05
3.389175227467101437e-05
3.755648708713170067e-05
3.397084835596635643e-05
4.233830756583315371e-05
3.587526237998100754e-05
4.745925133164768749e-05
3.492023462505618409e-05
3.925181933099019383e-05
3.690573019969762278e-05
3.643312978647573059e-05
3.660126861716084701e-05
4.207434522204868535e-05
3.819906129516180849e-05
3.878112533397840510e-05
3.374103901908506958e-05
4.266662355897560748e-05
3.770739978659556229e-05
4.717766759292110171e-05
3.702050901939607226e-05
3.763833802419443131e-05
3.611191833528429551e-05
3.465090677488892883e-05
3.548691671680344540e-05
4.372285916122372495e-05
3.887986250037585322e-05
3.886695888186604981e-05
3.461802473823958004e-05
3.589253158334751193e-05
4.097292168559282409e-05
3.408793491752736156e-05
3.477865522463160938e-05
3.548134817563449735e-05
3.458974153991076477e-05
4.002972062994844733e-05
3.377499999401383624e-05
4.346716068479952077e-05
4.677622508538826270e-05
3.426027521876539434e-05
3.833705692535572802e-05
4.181046758470558850e-05
3.816735888981087068e-05
3.437451799054842372e-05
4.832345116687345783e-05
4.357856774492154613e-05
4.029436025651642224e-05
3.972716860200935544e-05
3.627966561668725872e-05
3.411436945921952397e-05
3.852449107350575184e-05
4.134517492146172626e-05
4.455754465271141414e-05
3.824463315042638358e-05
3.993832029059627374e-05
3.673023788127987573e-05
5.139708205252248053e-05
3.679788795411689881e-05
3.536015964786038188e-05
3.783628736867573883e-05
3.362977705651274215e-05
3.842201415032913477e-05
3.734448513447930136e-05
4.472948908844606481e-05
3.335014395885993986e-05
3.414677471363807736e-05
3.842432017674258469e-05
3.491000180531798972e-05
4.077425034472533010e-05
3.448494014841514980e-05
3.390871837220378555e-05
3.361424291953133987e-05
3.365894267854450641e-05
4.431202240945589487e-05
4.171714414237619715e-05
3.361316105407675714e-05
3.917021509800326461e-05
3.867546005814039895e-05
3.680334733212086887e-05
3.369734537952076564e-05
3.865566218178527729e-05
3.859321911955718978e-05
3.455113074335008769e-05
3.490438178726510185e-05
3.614539684861972825e-05
3.431284706265472532e-05
3.885973840630918964e-05
3.825449171655156017e-05
4.023669344566541080e-05
4.112985156581105631e-05
3.344845785926679901e-05
3.449122750395683439e-05
4.315296753789116453e-05
3.553607068258678408e-05
3.759004413727849215e-05
3.851660319123984422e-05
3.348971336467407170e-05
3.357974692324246549e-05
3.759065121970653486e-05
4.094458383585224901e-05
3.604754679708010334e-05
3.718610944828804456e-05
3.839472685027948019e-05
3.348404613970355542e-05
3.699054404661790635e-05
3.494694469492403381e-05
3.615674709568074093e-05
3.523364144142136073e-05
3.396301963016090002e-05
4.562521931413136063e-05
3.395263822604969664e-05
3.355811588927896027e-05
3.581105191423416216e-05
3.539992548006755911e-05
3.516685632449437492e-05
4.092176195571856881e-05
3.391377586936934708e-05
3.758499802958775667e-05
3.521499273317475705e-05
4.068721652018650358e-05
3.319643336506314645e-05
3.412625484040767207e-05
3.327970877958289484e-05
3.509792579987105728e-05
3.443705823235145881e-05
3.492782056545415317e-05
3.559710549447795856e-05
3.569355364451431999e-05
4.131743722387293542e-05
3.649045037682444877e-05
3.500282070830913468e-05
3.427123923611136727e-05
3.339385034648437899e-05
4.613770354016150815e-05
3.524659194557572798e-05
3.508654450235321540e-05
4.202263295260846940e-05
3.357163620558769061e-05
3.455580196969598435e-05
3.602499954937431295e-05
3.602130459098746857e-05
3.875464367289069913e-05
3.747747805174322483e-05
3.674466448370427224e-05
3.330557869717460588e-05
3.370506235922444315e-05
4.473262923359006915e-05
3.374408161144960730e-05
3.410052982279566448e-05
3.482499985248404818e-05
3.390946879129339220e-05
4.087494884203090792e-05
3.482221000403544194e-05
3.670229920101831969e-05
3.794693709647082739e-05
3.666331971061103078e-05
4.235425322923058863e-05
4.271606025646255522e-05
3.350962841115578120e-05
4.305738671650970390e-05
3.755839666331025261e-05
3.580358670951598165e-05
3.424759786548018541e-05
3.465527933273141045e-05
3.567082059686549876e-05
3.689057242806952530e-05
3.645161873071075728e-05
3.800955749704286213e-05
3.576763640625566133e-05
3.370752059585379381e-05
3.777638392228225639e-05
3.700683525948278549e-05
3.621543939054206265e-05
3.716098369710880571e-05
3.320170646938951548e-05
4.739518033832017366e-05
4.832051304638165546e-05
3.475644491609301915e-05
3.399184797915895764e-05
3.389876405080828500e-05
4.335489211238006783e-05
3.435238584778935335e-05
3.355931703087522053e-05
3.584449705503908680e-05
3.508317875211865980e-05
4.159682068605196660e-05
3.843720326896572407e-05
4.651408077099362156e-05
4.836840607150664915e-05
3.585749359509375205e-05
3.937995388345420236e-05
3.514838695582213763e-05
4.019411212457028420e-05
4.078587988744010630e-05
3.741447379671489925e-05
3.504807651084212994e-05
3.838793126460702490e-05
3.443458073104103734e-05
4.195636061942547131e-05
3.410994026785537178e-05
3.721282445428077416e-05
3.697407972755851449e-05
4.473897255354768263e-05
3.368229318410791205e-05
3.350974326647635480e-05
4.392395092227808047e-05
3.735722556967147040e-05
3.401846067091794857e-05
3.682019965001001496e-05
3.803947507307744113e-05
3.432465197089140332e-05
4.208017917130764981e-05
3.825012208082314701e-05
4.527754143702526025e-05
3.669820734092083361e-05
3.464134470084797294e-05
3.397151204799555435e-05
4.498601436164150716e-05
3.391146968562749610e-05
3.355963159604324902e-05
3.354271936982922679e-05
3.469414669414210055e-05
3.642840652436246277e-05
3.368348218799593473e-05
3.435083030073914133e-05
3.770862431571144532e-05
3.416570911863317316e-05
3.514634714714954633e-05
4.163777226651687018e-05
3.952342972623791855e-05
3.601461806798169371e-05
3.764986905392335274e-05
3.511515546591381578e-05
3.605708067297673920e-05
3.332361107842065213e-05
4.488487238602495688e-05
3.516160005172589543e-05
3.378311757626144220e-05
3.633252819177835058e-05
3.510212167268710677e-05
3.899997188850876253e-05
4.032086480876851542e-05
3.614859082473584925e-05
3.344557165635130702e-05
3.553282074517813768e-05
3.919882414403087198e-05
3.325011718732042337e-05
4.023165761566357219e-05
4.661099209963970725e-05
3.635712517707654018e-05
3.478238770775472208e-05
3.702563855640603343e-05
3.772200399039550691e-05
3.707826159452764879e-05
4.478397926003338146e-05
4.215320684118032020e-05
3.525303731785007296e-05
3.347523800780091415e-05
4.157154252626163270e-05
5.459464611207407331e-05
3.609285304325768741e-05
3.692606054166810601e-05
4.316714078451193247e-05
4.525107805282751805e-05
3.681357212461201718e-05
3.954739172968427995e-05
3.611217546898534578e-05
4.231389698167860959e-05
3.488305955616829025e-05
3.397930775972624685e-05
3.367232365872858084e-05
3.401421750999471255e-05
4.188317675058516812e-05
3.626659587021916197e-05
3.749747348756872988e-05
5.010359712810275333e-05
3.760542222599450013e-05
3.754202019591673059e-05
3.319213069106336894e-05
3.710753342329039069e-05
3.369624255703713593e-05
3.654702681682138135e-05
3.429882262888004317e-05
3.674334956561272025e-05
3.448101226780218213e-05
3.354077195734433476e-05
3.363506440211769130e-05
3.441428940294944647e-05
3.339529968831926024e-05
3.578567190628367367e-05
3.883537551700366519e-05
4.068859720246332466e-05
3.771559582147978083e-05
3.698625475626262938e-05
3.633714792379099501e-05
3.765339106654020773e-05
5.385287945389044821e-05
3.712749649000347330e-05
3.394136105499741555e-05
3.462343230970930176e-05
4.425130678744660945e-05
3.603440874890004374e-05
3.559452758102916873e-05
3.345823699445643243e-05
3.664038482026266608e-05
4.087182272115989133e-05
3.901288722582249883e-05
3.506390348993514903e-05
3.456882999949061693e-05
3.328588165665649249e-05
3.449539081051138811e-05
4.607574158486153423e-05
3.335628106260470570e-05
4.151910717500910874e-05
3.397872739748192765e-05
3.733307677993608385e-05
3.538055251789353519e-05
5.004680064457350249e-05
3.327839188176559266e-05
3.394482565592742254e-05
3.558681509536843959e-05
3.378424069455920062e-05
3.352168231345018542e-05
3.344407056010996736e-05
4.177699666480653350e-05
3.419151692391639649e-05
4.071026713116292168e-05
5.306162985847971626e-05
3.320170646938951548e-05
3.326975533376711370e-05
3.548512621459287112e-05
3.552059561656319668e-05
3.523646766777600522e-05
4.844088795561431432e-05
3.833564880987817635e-05
3.515221386654391163e-05
5.159467131663251311e-05
4.234088835311446993e-05
3.339434314211700127e-05
3.601339340520067091e-05
3.642548501698096867e-05
3.487781342050750997e-05
3.587519097219576443e-05
3.480582015194628537e-05
3.789822391002993718e-05
3.971297446351554420e-05
3.856068311993717359e-05
5.061704485937650809e-05
3.773572275012207012e-05
3.573755362000784918e-05
3.657366747871808674e-05
4.191033207218237077e-05
3.641098206505187111e-05
3.354349252091037484e-05
3.812286155513510099e-05
3.479562395724256459e-05
3.326884740625282841e-05
3.445332297397977182e-05
4.066588376354023868e-05
3.575003248833251467e-05
3.516572477363085430e-05
3.785161793051061420e-05
3.727295541376626786e-05
4.001742370732265226e-05
3.385755447091075889e-05
3.543400444370158471e-05
4.166942268922754945e-05
3.330324244469287816e-05
3.582601728344823779e-05
4.889708639548675563e-05
3.682037693004800881e-05
3.324888507647764095e-05
3.398085525912399610e-05
3.826262874911956908e-05
3.341910210950819928e-05
4.004325636960407635e-05
3.409801186509928036e-05
3.693116029808951562e-05
4.016196801410555005e-05
3.366730750494429991e-05
4.663970324550195071e-05
3.634488982242504247e-05
3.352790549565515433e-05
3.576417994541822434e-05
4.148123362819252784e-05
3.419311964559902726e-05
3.475766542032069815e-05
4.039413329345028570e-05
3.567275481828278814e-05
3.612077485977570112e-05
3.449976477136878778e-05
3.509243875253469254e-05
3.354045690551709752e-05
3.342318032537938617e-05
4.687941325447639806e-05
3.919951438376601156e-05
3.529091952501205067e-05
4.821715674704115106e-05
4.208966226771095710e-05
3.585484764380834672e-05
3.498686659164071183e-05
3.519370755193263221e-05
3.427242687556237064e-05
3.541616245642517836e-05
3.361136722402853006e-05
4.242081419315598767e-05
5.175999788037986620e-05
4.948279718629815954e-05
3.575051312993799649e-05
4.465883139694379464e-05
3.972596381137746558e-05
3.540081435499613629e-05
3.749958100184762680e-05
3.569782523383353227e-05
3.370675774759062494e-05
4.263251183947230297e-05
4.297329213096406908e-05
3.835011983545770259e-05
3.369457399587741251e-05
3.456432182495432318e-05
3.603849964275092940e-05
5.175695749566174090e-05
3.452571207467525807e-05
3.680904845099620525e-05
3.528140338514451120e-05
3.937989862167153753e-05
3.557549350441675915e-05
3.897636108345176124e-05
3.549091379105685442e-05
3.362568205708094354e-05
3.425562745297874439e-05
3.531654312287824029e-05
3.855502206595405053e-05
3.318871103438491589e-05
4.109458714283593397e-05
3.856267370607257232e-05
3.518080389311288998e-05
4.419702812478578193e-05
3.973078237117026431e-05
4.179478922384587635e-05
3.911122857664110688e-05
4.756204011937033299e-05
3.506620995031016789e-05
3.464427958860767979e-05
3.435088394351740323e-05
4.282129801898538698e-05
4.209156431733634360e-05
3.987342297754932366e-05
3.542136481422152776e-05
4.544219612842586740e-05
3.443402122741476680e-05
3.359791935271562311e-05
3.522433299708947735e-05
3.340500581958641315e-05
3.617250931064557696e-05
3.890919538390672248e-05
3.853028182670268005e-05
3.534903388635179667e-05
4.254548786875841292e-05
4.137265247103582818e-05
3.784120076215888339e-05
3.893432484013200371e-05
3.427161713366801171e-05
3.370424283743908263e-05
3.659426100678108448e-05
3.651668321714502996e-05
3.472865305437566273e-05
3.441623730425706591e-05
3.324906109999982190e-05
3.958893441068152166e-05
3.563971256562430568e-05
5.929702029830764289e-05
3.833299085221377996e-05
3.852848225434321084e-05
3.748416755387506011e-05
4.956978021975787983e-05
3.690324179875464574e-05
3.591960249338749597e-05
3.356297692388439364e-05
4.008912088174841994e-05
3.549341439813343018e-05
3.462713227015020817e-05
4.717609837874398412e-05
4.240203652263835289e-05
3.784185848921379179e-05
3.597312775236937522e-05
3.835420072452138096e-05
3.642530240137299664e-05
3.356191909883418948e-05
4.283445947860334854e-05
3.318620463619300438e-05
3.495507716421029020e-05
3.342595620016349531e-05
3.655182110339948913e-05
3.805049276528486488e-05
3.683025658116415702e-05
3.384347988811986399e-05
3.866035265264788006e-05
4.350098887113669575e-05
3.733318344446024122e-05
3.374895382207473152e-05
3.412890359218439547e-05
4.029774942939885941e-05
3.465213752842804428e-05
3.581822596210885507e-05
3.499606941009394614e-05
3.539016851300134849e-05
3.606501245744160746e-05
3.329088201159753526e-05
4.282865518353758149e-05
3.514924307481407984e-05
3.652012866523368249e-05
3.691611924291634628e-05
3.621240079308840626e-05
3.419504807072292618e-05
3.344923701664426457e-05
4.248058513862374531e-05
3.718380172677086115e-05
3.664224891185029794e-05
3.399673356235145821e-05
3.725099561410457130e-05
3.405740766660722086e-05
3.542668827505429641e-05
3.323902366653168409e-05
4.177669916265045808e-05
3.459463519038561503e-05
3.731142787370270500e-05
3.414666565505278793e-05
3.553069440394707716e-05
3.605431045815504445e-05
3.411920695375913245e-05
3.567106239031613712e-05
4.127408331578182987e-05
3.589015426190073554e-05
3.528272410902422542e-05
3.595584655556019384e-05
3.845239556782512888e-05
3.373255521734630947e-05
3.745648081773470260e-05
3.980868089668310736e-05
3.442951764493825127e-05
4.326599702830237324e-05
3.378539178426574470e-05
3.874678769025928927e-05
3.657732386031404019e-05
3.401504421394955081e-05
4.144063936356146666e-05
3.557169307272129994e-05
3.688089157780251862e-05
3.674557816414447773e-05
3.435670281700531895e-05
3.604277725766234406e-05
3.340303624713659091e-05
3.532980749128285762e-05
4.099945810715708563e-05
3.692148669900335232e-05
3.844545087870179442e-05
4.356410382700227831e-05
3.882072608928895861e-05
3.518673014603662024e-05
3.729898655039958139e-05
3.484747703000639127e-05
3.762069949086811657e-05
4.319562035688335116e-05
4.701109186580490831e-05
3.793375411666368428e-05
3.965569652756414709e-05
3.683897828577317241e-05
3.553440916257592715e-05
3.522555949624692868e-05
3.373435957335068762e-05
6.189060231491328248e-05
3.378867600835265789e-05
3.525058945737333683e-05
3.681006862854959506e-05
3.480005021831957321e-05
3.891108021391147536e-05
3.322442222890169587e-05
3.788282222345709953e-05
3.423263334310412426e-05
3.476137814472573878e-05
3.390221282621673471e-05
3.493483864998745618e-05
3.322165860347514122e-05
3.722583967055988576e-05
3.497418588216028479e-05
3.530811536993738015e-05
3.362175639531530126e-05
3.489395635325094489e-05
3.383948357162956314e-05
3.564472878908147142e-05
3.739346403468125094e-05
3.964215539502173125e-05
3.771250472798327912e-05
3.403321773812986484e-05
3.486025909638452633e-05
3.690451908873350876e-05
3.539995017186659991e-05
6.128286916152640229e-05
4.329962033065025732e-05
4.167259198058475417e-05
3.329038499274304989e-05
3.393986404652902915e-05
4.630489407284917166e-05
3.376198381525220312e-05
3.733907002670091213e-05
3.383713547978074970e-05
4.846380278122234349e-05
3.717376826563707987e-05
3.445513182000914675e-05
3.762101279924767565e-05
3.326029196919582623e-05
3.829636259642254668e-05
3.398342478538629211e-05
3.332824614007395673e-05
4.133408598446278951e-05
3.593015443827566815e-05
3.379605529214027110e-05
4.583868075471699206e-05
3.410036562374798175e-05
3.881108556082565495e-05
3.707565271143459723e-05
4.028252658914155946e-05
3.549451745313513234e-05
3.806524354116632813e-05
3.415606843862826201e-05
3.591993459458078222e-05
3.521569411552962148e-05
4.076869171633915523e-05
3.465436305405586415e-05
3.814875694507550253e-05
4.127257774427321973e-05
3.972679099187606218e-05
4.225556884778158367e-05
4.369283775989705933e-05
3.414284800096573184e-05
4.097343371778971929e-05
3.480017961786367904e-05
3.600524176973081392e-05
3.478661134267673339e-05
3.357352157131754004e-05
3.491602965224431938e-05
3.819996258221289683e-05
5.736503040481427673e-05
3.606085942904527463e-05
3.499721610943633292e-05
3.341334399977307083e-05
3.411428745152772859e-05
3.695254937865898064e-05
4.526621775429830657e-05
3.811369503518314688e-05
3.472909549916663167e-05
3.947106644708785818e-05
3.610583916310430093e-05
3.427863314958972952e-05
4.114826073188829566e-05
3.815872393902794272e-05
4.763346669696318916e-05
4.322896669460354348e-05
3.840809106908124024e-05
5.090435007811724418e-05
3.812896249253865051e-05
3.988710503369923970e-05
3.689843986264147984e-05
3.767521151103546661e-05
3.565037274822110936e-05
4.316297603698217772e-05
3.501244466932350785e-05
3.700016808719327110e-05
3.559314113224618537e-05
3.357360726284208815e-05
3.324562817897161302e-05
5.520271982425378965e-05
3.388050284192857840e-05
3.784646169858169295e-05
4.775540172199524761e-05
3.644701600465864965e-05
3.508550703491765990e-05
3.507150562663995992e-05
3.791649108505649118e-05
3.717937929066851842e-05
4.302397640887754989e-05
3.809629219315481281e-05
3.959476079022560490e-05
3.662845294994702218e-05
3.628628791127574401e-05
4.132395695912715878e-05
3.387306255081462466e-05
3.385113354244564108e-05
3.564928290464332576e-05
3.588870388314453915e-05
3.333427781069355406e-05
3.385917313298252826e-05
3.403082366406005020e-05
3.813302829321031981e-05
3.444198513836560228e-05
4.310574561844922027e-05
3.522573470082578746e-05
3.807454321820936889e-05
5.563584835574617878e-05
4.105694002806273616e-05
3.334580830304860558e-05
3.778546761930683400e-05
3.680294794094887201e-05
4.398815783480751994e-05
3.649712696845809948e-05
3.693124820794320147e-05
3.442578563929631167e-05
3.625927022616439517e-05
3.325431129016247396e-05
4.387461320110695056e-05
3.777495888846955013e-05
3.518966714383909910e-05
3.374498297542946796e-05
4.292710809660569285e-05
3.631221438810185604e-05
3.646767019017117638e-05
3.365996377719173165e-05
3.475987241593332216e-05
3.478865787318486947e-05
3.760163684583300761e-05
3.339631412469158705e-05
3.786442824742903662e-05
3.354815902198354712e-05
4.707649620577536328e-05
3.411896102497198455e-05
3.768500690905559881e-05
3.654847433086729803e-05
3.367495844165045672e-05
4.362363221171764810e-05
3.613251981914115387e-05
4.302052456285604789e-05
3.380427110483444038e-05
3.922849293661715450e-05
3.360874718964114015e-05
3.720485856220330441e-05
3.514848767867995340e-05
3.903709778501162053e-05
3.398679475181706717e-05
3.390930203544237543e-05
3.465653583516090471e-05
3.340668549670783045e-05
3.524779133002750272e-05
4.057299948008758487e-05
3.400470644059173589e-05
3.845733147884655635e-05
5.244861947298946908e-05
4.232563883379468023e-05
3.510606352534959143e-05
3.467902697082657088e-05
3.545664099840335726e-05
4.105229112416084939e-05
3.560493336764542708e-05
3.350919769406148657e-05
3.603943989761181809e-05
3.813320941500660536e-05
5.119756052729331364e-05
3.370972411307531972e-05
3.650019162540281452e-05
3.866597140429802734e-05
3.542612152970235379e-05
3.747391038177866205e-05
4.072330762933430850e-05
3.519689380640038639e-05
3.898772644319120981e-05
3.745529691141934636e-05
3.528137846451916056e-05
3.676110118161633782e-05
3.576367580145298230e-05
3.499158354891573636e-05
3.939008160880269691e-05
4.974123810616616907e-05
3.397419410672130734e-05
3.395972620983987380e-05
3.449356124726165451e-05
3.482825389906321118e-05
3.906791495838334699e-05
3.579175804059344095e-05
3.775145549120121919e-05
3.600269628897400672e-05
3.692555485682979654e-05
6.011162790511235941e-05
3.711614218803259679e-05
3.493780864205412974e-05
3.642893141443473301e-05
4.500885212855184312e-05
3.512075893724787455e-05
3.823954147845671538e-05
4.052193615185834452e-05
3.500630959836413357e-05
3.351071949299455052e-05
3.393506685183253415e-05
3.695805583535796484e-05
3.653449017908223318e-05
3.434315701045095930e-05
3.352139545427162357e-05
3.662161708374645413e-05
4.962077422586061697e-05
3.519277912383220750e-05
3.526367258913711981e-05
3.578461732600056829e-05
3.418820216600632598e-05
3.873761683755645480e-05
3.498783562288281467e-05
4.559374340860116652e-05
3.540525780925821907e-05
3.724683124791668625e-05
3.440259562302457562e-05
3.878343074961490273e-05
3.611878908746039417e-05
4.285275005567937262e-05
3.697578840008528559e-05
3.562804900674145300e-05
3.649496993371991583e-05
4.738709933491404530e-05
5.597378957782761380e-05
3.744675282222809971e-05
3.846356279034636319e-05
3.532340057408883281e-05
3.757328639445116478e-05
3.371983261447682217e-05
3.746915907523757093e-05
3.711271668761752989e-05
3.492287484137955751e-05
4.032907943574894641e-05
3.717504174099698662e-05
3.775209683880985281e-05
4.420367887272823868e-05
3.777245955913672719e-05
3.622125947820444382e-05
3.421830142071663678e-05
3.516605167638741416e-05
4.242750853648034009e-05
3.693562099688950867e-05
4.509930244325128672e-05
4.109887895616049153e-05
3.699776272242190811e-05
3.575687995424984818e-05
3.360624054409737312e-05
3.801237961285781886e-05
3.341800278171136186e-05
3.812684861027339483e-05
3.566208883340255995e-05
4.023443621897391468e-05
3.460347051073077337e-05
3.410351239370079446e-05
3.554388673353694133e-05
3.345183384749920915e-05
3.530724493283254661e-05
3.496683191439751498e-05
3.593053367536583142e-05
3.323385495347380562e-05
3.331529850922368251e-05
3.422995244246051925e-05
3.602476423278171239e-05
3.456793376607311983e-05
3.399786497573861771e-05
3.393842231118053863e-05
3.726062885326590044e-05
3.835218023938292259e-05
3.764857672742065838e-05
3.698091311527259097e-05
3.457828927303204848e-05
3.878206675755654350e-05
3.450286538343081105e-05
5.270925606582341140e-05
3.325173047596408375e-05
3.551707263259060117e-05
4.032759562101308415e-05
3.655507661396928333e-05
5.085062017937300139e-05
3.969128753399396624e-05
3.990475342928268357e-05
3.606468401721538565e-05
3.355093517257401155e-05
3.470288645220280743e-05
4.416131376317409261e-05
3.697381683558790454e-05
3.538717818931778490e-05
4.399804640197744939e-05
5.472042204370392422e-05
3.514601974012923467e-05
4.067977208603496583e-05
3.371407348439216483e-05
3.354231845738148268e-05
3.517932190085000673e-05
3.407192640416874962e-05
4.177679311132915580e-05
3.529502771819867412e-05
3.452513017236711316e-05
3.400558893457917490e-05
4.123542486855253817e-05
3.594576516437353482e-05
3.346800827581303055e-05
3.365088435640501259e-05
5.649641243996158054e-05
3.511252957026459191e-05
3.450580628159562960e-05
3.410061192150415870e-05
3.645127699905443159e-05
3.509016232626171691e-05
3.346152378781477426e-05
4.135416256224012867e-05
3.609020744750074139e-05
3.573175492470541772e-05
3.361253466714926851e-05
3.405304048312629886e-05
3.756651462751803522e-05
3.681851537256620278e-05
3.357232182681489543e-05
3.827153812692904423e-05
4.500910726170128642e-05
4.130225658362385993e-05
4.097883376015074329e-05
3.448042828859825974e-05
3.957413097457318485e-05
3.773692404255406805e-05
3.456197482516071442e-05
3.429082083169201009e-05
3.335520511251721643e-05
4.561607421148804084e-05
3.700897679741980018e-05
5.163537448003921177e-05
3.768669076252284262e-05
4.551962112943297130e-05
4.401913426600501832e-05
3.987936709490083224e-05
4.217181765970281690e-05
6.517142157712266118e-05
3.911479456360867295e-05
3.541603915231258476e-05
3.490628106715409635e-05
3.673717440597918510e-05
3.921959132697867351e-05
3.362480031528379320e-05
3.473083910125104856e-05
3.369955072677377922e-05
3.363807659840735751e-05
4.814141131036964616e-05
3.660111093017984094e-05
5.618616380095611639e-05
3.779215268632927827e-05
3.482016889224137407e-05
3.507690039406929482e-05
4.897998029090801822e-05
3.429300364925892626e-05
3.492600137793464926e-05
4.365751667565424533e-05
3.371192723426297261e-05
3.613809674863518420e-05
4.229314171467509999e-05
4.346179650700119989e-05
4.112774294838807371e-05
5.565592161093763882e-05
4.184991236552407159e-05
3.423988783512847689e-05
4.423169977599859180e-05
3.719598291103228178e-05
4.285041379808360556e-05
3.492748749426819214e-05
3.613074590608617270e-05
3.374915092283232846e-05
4.872418154102960125e-05
3.718101899669130016e-05
3.978065349037780018e-05
3.858266147607422331e-05
4.144572963155087708e-05
3.949182631301840802e-05
5.506215716334780867e-05
4.509652385947955487e-05
4.062249994681879867e-05
3.456215943653097262e-05
4.741486883512553236e-05
3.997290587780783459e-05
3.656314413053852704e-05
3.676328231308259305e-05
3.607469774586611081e-05
4.067323406365700117e-05
3.326175737073653232e-05
3.598505287857987363e-05
5.031053841469817231e-05
4.813547325090680501e-05
3.664153025682747098e-05
3.372925594273529616e-05
4.590382185528568747e-05
3.913191761206824082e-05
3.627195464711859105e-05
3.458081756685466783e-05
3.487374874529153312e-05
4.648118622975896746e-05
3.710881315898664941e-05
3.388546054085338297e-05
3.652219097289661549e-05
3.410115923233712510e-05
4.022922590478330060e-05
5.144316404017586084e-05
3.450379276807436348e-05
3.752598162151158469e-05
3.838312889991372755e-05
4.301767874463506612e-05
3.916563455839767104e-05
4.033642728197167377e-05
3.426132883151898997e-05
4.330255735944488568e-05
3.607300978405522397e-05
3.862445592374903926e-05
3.642285967554618825e-05
3.432357681506931755e-05
4.204518820894955931e-05
3.969395512610233496e-05
3.412622753074390501e-05
3.508231819223521541e-05
3.331815750976425971e-05
6.150963352037650889e-05
3.825323483868811548e-05
3.394027990042885410e-05
3.615232003364172021e-05
3.645043402329785012e-05
3.680929241357178323e-05
3.351663260545828787e-05
3.480276733092476239e-05
3.559652186092216787e-05
3.423607163308923303e-05
3.379268886822818464e-05
3.599776890623777398e-05
4.621735609904393724e-05
3.833693793518333070e-05
3.333681196510265783e-05
3.468983981085312871e-05
3.985703734691541762e-05
3.900574080572809813e-05
3.683109800829942700e-05
4.139812133279549436e-05
3.460722889971540778e-05
4.063451966383647572e-05
3.491395229204548816e-05
3.449676943549143918e-05
3.989585193730045353e-05
3.567236799707184096e-05
3.657369005205845299e-05
5.487915774682250913e-05
3.331346022395585959e-05
4.133600456890857745e-05
3.746831422503930686e-05
3.844704472424780343e-05
3.609079280224058620e-05
4.192666718761658756e-05
3.343303759198982704e-05
4.739617636408205518e-05
3.428189694934485443e-05
3.532499018492784893e-05
4.393573333756243355e-05
3.613401345492406113e-05
4.636672385175249356e-05
3.442506576736146297e-05
3.887444288823977529e-05
3.468088200548549314e-05
3.325645177495072986e-05
3.840053208518903787e-05
3.897844541504083408e-05
3.533675712123728188e-05
3.689951934663333264e-05
4.165105613327550938e-05
3.349647031232977037e-05
4.070819908997166508e-05
4.013800569669847819e-05
3.659248035066125658e-05
3.545022314442473953e-05
4.127455276418073279e-05
3.418833803410983711e-05
3.582814355247060693e-05
4.179128556508286528e-05
3.455730589334256509e-05
3.837492350791083212e-05
4.052847342270744481e-05
3.333051929594035633e-05
3.616687712837469195e-05
3.593581814684353415e-05
3.421309557905330423e-05
3.844810718700748131e-05
3.717547340033479754e-05
4.706634612477747325e-05
3.647815575395275695e-05
3.546819000400284019e-05
3.414816512664550367e-05
3.439514114262357458e-05
3.707967452878934577e-05
3.922080212332561299e-05
3.452830385735443771e-05
4.467757592646640167e-05
3.578543223645116371e-05
3.593747650894036342e-05
3.618018567485392607e-05
3.340019718374810165e-05
3.352093646554400350e-05
3.325615858025076607e-05
3.465711169024212820e-05
3.820288635540141942e-05
3.992488157335122425e-05
3.977909481923229282e-05
4.977309126449182633e-05
3.533372953028045298e-05
3.387860836277754319e-05
3.347037065263142708e-05
3.369366891850348477e-05
4.227885999184407894e-05
3.693553311565388804e-05
3.521739731276198716e-05
4.702806001239361852e-05
3.632517005982712329e-05
3.675203899880416210e-05
3.464396516905061870e-05
3.679671145497807216e-05
3.523204047027027341e-05
4.928232752110749793e-05
3.354263346112832447e-05
3.332938277130060949e-05
4.940457587916013060e-05
4.332174098183472227e-05
3.582300646632974935e-05
3.361734563403923217e-05
4.057220191316196852e-05
3.420853868001810116e-05
3.392987934658398561e-05
3.938376643154623848e-05
3.498684108982182063e-05
3.446411897606385812e-05
4.321735986791501834e-05
3.473409144687093932e-05
3.333812252678109816e-05
4.642797633784502467e-05
3.326987248074138407e-05
5.189967265402223691e-05
3.367365528654755915e-05
3.511295884013088830e-05
3.519727008329631257e-05
3.405018312719316586e-05
3.660124609056365514e-05
4.009459179393532765e-05
3.528910154104177672e-05
3.463864504857740097e-05
3.418760432870979909e-05
3.601923307558606172e-05
3.466556326237736727e-05
3.926447105830878305e-05
3.586061560375856727e-05
3.469218920219615257e-05
4.715366534459317565e-05
3.602528192370589208e-05
3.400503738321770047e-05
3.356740735690135640e-05
3.865473165442656503e-05
3.498480077866847511e-05
3.685527751480706539e-05
3.863434152356277668e-05
3.445834985628963072e-05
6.313435623934427995e-05
3.624423644745073753e-05
3.916928041363355390e-05
3.363617274927411518e-05
3.934969378912028267e-05
3.715287910227406203e-05
3.513117687660598557e-05
3.822071605967793865e-05
4.013931660690183838e-05
3.562130311513545260e-05
3.482280418993958864e-05
3.818292838185909500e-05
3.873291349657700776e-05
3.679056089834460772e-05
3.384747490732205511e-05
4.932214472186705837e-05
4.150761960736740154e-05
3.401140630316035673e-05
4.503512271376923878e-05
4.616532751381466880e-05
3.634544100129693433e-05
3.636535987331370671e-05
3.496070035729273293e-05
3.672733730140944849e-05
3.429203355529043270e-05
3.928406745362271669e-05
3.706114245983719712e-05
4.060093801163545794e-05
3.593280886678140978e-05
3.457091217750985293e-05
3.431497223246756490e-05
4.391603655216171277e-05
3.957625706667054424e-05
3.779479280455976507e-05
4.878418474055675445e-05
3.688920562455473546e-05
3.522315644876214641e-05
3.471326194536726383e-05
3.396603552201189280e-05
3.645116308654445945e-05
4.116071123458904486e-05
3.439821431611528145e-05
3.353590206529880399e-05
3.652756053532217617e-05
3.741767546577863112e-05
5.012941564661177468e-05
3.614775160691395929e-05
3.393953135332015026e-05
3.799480815249113081e-05
3.640087771190798633e-05
3.588087856803420995e-05
3.494397683790314218e-05
3.557895190132100187e-05
3.350560779272317234e-05
3.385582394160981188e-05
3.743074996036282629e-05
3.593882673406976027e-05
3.336898169114666370e-05
3.602829353792376654e-05
3.351470972348923874e-05
3.799718617734827996e-05
3.498207135087830845e-05
3.661691538945654637e-05
3.363043099193577256e-05
3.715268453224716279e-05
3.474995089065853308e-05
3.862667059203882025e-05
4.353840723493690267e-05
3.585172425357249933e-05
3.329491588028969662e-05
3.551450318415090053e-05
4.021579210387962619e-05
4.572677904733490472e-05
4.019437331079996507e-05
3.488799511439694443e-05
3.372451697013567005e-05
3.327812848500431544e-05
3.467761591667892608e-05
3.393539966541824572e-05
3.763051307873233639e-05
4.360283522160168573e-05
3.490107020071782801e-05
4.010083173849191479e-05
3.899666079423848422e-05
3.553042553128410577e-05
3.736940090213105307e-05
3.652207766760308925e-05
3.709316602691658561e-05
3.364458154801353316e-05
3.804247340243338299e-05
3.363830390387461208e-05
3.696559886999131294e-05
3.744768362675930944e-05
3.509441132687230884e-05
4.583601156921460716e-05
4.380374912196140376e-05
3.738562481216775211e-05
3.763646044527774122e-05
3.391060822925686221e-05
3.442693201655350546e-05
3.563023217602256460e-05
3.336773256213962580e-05
3.617458004398929698e-05
3.718697204679507882e-05
3.782756640075428308e-05
4.566000819905861267e-05
3.790908894371033998e-05
4.465284787239846257e-05
3.489598561880453926e-05
3.338137885993175310e-05
3.407285897383396456e-05
3.412557208078263071e-05
4.429208927886543740e-05
3.425616797996455868e-05
3.491774770572541681e-05
3.369796744072748310e-05
3.329579263044437840e-05
3.532546206277962418e-05
3.549562041387657545e-05
3.434747716986847970e-05
4.643664167670593864e-05
3.619759209528787802e-05
3.818190566506651410e-05
3.934271438102216243e-05
3.653514672254616272e-05
3.619603598291440578e-05
3.424886888577566079e-05
3.359566709711889085e-05
3.535332178997801741e-05
3.471453874074741401e-05
3.734695745772898386e-05
4.388083834938167574e-05
4.828910743791095560e-05
3.464289084301688549e-05
3.823998083345062326e-05
4.055401587206489117e-05
3.517366865904287930e-05
3.759916846451750652e-05
3.818557506380820560e-05
5.105956170875250943e-05
3.401573309170664839e-05
4.033218460862940808e-05
3.657039393873443386e-05
3.999023848765968276e-05
4.836830141505284430e-05
3.326785153642972603e-05
3.342066414111633096e-05
3.966572214830052967e-05
3.409612306121255368e-05
3.650355058454777461e-05
3.354512456783276546e-05
3.571933075149488556e-05
3.723630729844186108e-05
3.770964121440396904e-05
3.536360197528671617e-05
3.794304065379829966e-05
3.724794759538434583e-05
3.508274847943317071e-05
3.694967459450167348e-05
4.347751878652950000e-05
3.699728159785820942e-05
3.651047008439024501e-05
4.261317419994179118e-05
3.848231859298970601e-05
3.422594355424741472e-05
3.333780218034314345e-05
3.376457128205576362e-05
3.754909807957202051e-05
4.981319099518260660e-05
3.621636706684975529e-05
3.608280631189117444e-05
3.476937108019152988e-05
3.804052861420643218e-05
4.570881548935975939e-05
3.707928326950973874e-05
3.657075519649398057e-05
3.894175430673733673e-05
4.078745210409441736e-05
3.415506036489539509e-05
4.059034861559563593e-05
3.464163297903480370e-05
3.658812913768029506e-05
3.380172002393963120e-05
4.143722888263379645e-05
4.738012227046070065e-05
4.166062088174365296e-05
4.184670193987579805e-05
4.685053326254910895e-05
3.603800598194200223e-05
3.917077587918572776e-05
4.075423287263050425e-05
3.594595455792257605e-05
3.904094651738740927e-05
3.957102304405518716e-05
3.582009056745637932e-05
3.418860976586232664e-05
4.156169894083888499e-05
3.510242493534270180e-05
3.385894988189983479e-05
4.355004569463023035e-05
3.511343859525633957e-05
3.490227684781431201e-05
3.495919256322156183e-05
3.604486855017832150e-05
4.196582805389869919e-05
3.887430928001026054e-05
3.801445015151279133e-05
3.543149228849262452e-05
4.238626063481387875e-05
3.620214324868238284e-05
3.468187472884606029e-05
3.940608722145122765e-05
3.434304965826991384e-05
5.077330346867211727e-05
3.951857779838358466e-05
3.588718200098970208e-05
3.412961347082388194e-05
3.541892415920025542e-05
3.462017754497196694e-05
3.322618591464861546e-05
3.328295651497309356e-05
4.244364706877592764e-05
3.589901946716391368e-05
3.516831462015344948e-05
3.437384870639063184e-05
3.437157287215559696e-05
3.369632739305985066e-05
3.499550876391872275e-05
3.791432401865872925e-05
3.767614767971972712e-05
4.067832318600451453e-05
4.350778224452044241e-05
3.425165385969935003e-05
3.344178969388873865e-05
3.357854779033855777e-05
3.681920240605705130e-05
3.761163132621774034e-05
3.545361689054139694e-05
3.369225460124513141e-05
3.528172734886924743e-05
3.754057056231027147e-05
4.898129456446199205e-05
3.532998127785377985e-05
3.764916037385034698e-05
3.425281633448713314e-05
3.336982405438894698e-05
3.551335288443856583e-05
3.565400489859474174e-05
3.742812335551201121e-05
3.392405120478634450e-05
3.371506176270779357e-05
3.452364884477534076e-05
3.336186283910265134e-05
3.978063557557160568e-05
3.379930862559539593e-05
4.402317496909087383e-05
4.706792542164257804e-05
3.928380782871412235e-05
5.016495117939022554e-05
3.447716281271789282e-05
3.526631755423650488e-05
3.578727758030917630e-05
3.328670056966214342e-05
3.685636047876733395e-05
4.110289117822087985e-05
3.842280257824571643e-05
3.550010481686477796e-05
3.586047262732783042e-05
3.880569702948103453e-05
3.637072457620714526e-05
3.682405496127499764e-05
3.568855627294733663e-05
3.756460618602408758e-05
3.344444585154042048e-05
3.373091979042742051e-05
3.687767042937844196e-05
3.945691058231761322e-05
3.389077810130608644e-05
3.716696717129243187e-05
3.700921715285574641e-05
6.812428639810596902e-05
4.589427244391773862e-05
3.565816851240321937e-05
3.353928254973117596e-05
3.337409306542010555e-05
4.175962217063307211e-05
3.746413144488921972e-05
3.382107817991537516e-05
3.641719629781745845e-05
4.210151554576949551e-05
3.324245846333332143e-05
4.053034554421405090e-05
4.864420326272233809e-05
3.348669309079308886e-05
3.682454233538629478e-05
4.302468401545612645e-05
3.854605730907621281e-05
3.502989181833318421e-05
3.691939716587081921e-05
3.847796084792989125e-05
4.018639631930756974e-05
4.046483315138604093e-05
3.811984029522356570e-05
3.724056081784953270e-05
3.346815233630859180e-05
3.329894840543250851e-05
4.419413097088655169e-05
3.370172741113010425e-05
5.008011989611326219e-05
3.858301222647934339e-05
3.388331616310326003e-05
3.680989121195165519e-05
3.355885946706470345e-05
3.335744414453512767e-05
3.476672462872164277e-05
3.437208162400569311e-05
3.722771025135285635e-05
3.904066355789772815e-05
4.559432205125817003e-05
3.686077983256254851e-05
3.519069618871388294e-05
3.637120591750800142e-05
5.211212658374759880e-05
3.648633828683254968e-05
4.233949991313569055e-05
4.077326266844434529e-05
3.615660731651343520e-05
3.635150245235760461e-05
3.597645843598256445e-05
3.696542349864992888e-05
4.142506976171995081e-05
3.655290636218540311e-05
3.326814444782899707e-05
3.624125078034974790e-05
3.530346406402495033e-05
4.401524175192310449e-05
3.574301309631408563e-05
3.435179583550402075e-05
3.349902834822796592e-05
3.440705549955555797e-05
3.368501073770350542e-05
3.584163369008441959e-05
3.497482404686525718e-05
3.551606938498518766e-05
3.489102747381735820e-05
3.869169210769303507e-05
3.408464718449580799e-05
3.560602694823104521e-05
4.773490351575041050e-05
3.478243954004333921e-05
3.362522697248025705e-05
3.341638253840271494e-05
4.002304493677875095e-05
3.569060856658581567e-05
4.025326471484879835e-05
3.318921225156497382e-05
3.379033182263755693e-05
3.790379049628235736e-05
3.735462732060431881e-05
3.549873270595603914e-05
3.384389900696348522e-05
3.514946968494890480e-05
3.325533759727188722e-05
4.400934014295869890e-05
3.675301899051814779e-05
3.343560899492028257e-05
3.494413036474954980e-05
3.510545716570031237e-05
3.331398547678313544e-05
4.187722034357531419e-05
3.418303807741389025e-05
3.360182417899907465e-05
5.667715514425381425e-05
3.954101790931454757e-05
3.644801871482103472e-05
3.854570563313187254e-05
3.390296364135373980e-05
3.435396801589738798e-05
3.573678381772785016e-05
5.152091838367676605e-05
3.591440638236580309e-05
3.499584005782585241e-05
3.353191876676695236e-05
3.757632526051748827e-05
3.526863768763806799e-05
3.654967293410924558e-05
3.444089339663563746e-05
3.906706767355755757e-05
3.361717486289541066e-05
3.910165229329220604e-05
4.619765646229690760e-05
3.339663293005092315e-05
3.508576008353450377e-05
3.498796312149919527e-05
3.560721763094328891e-05
4.840050620352147998e-05
4.492007976585918425e-05
3.595705296179027577e-05
4.203834047232666226e-05
3.341479101769519525e-05
4.345623381364539811e-05
3.629777098070348222e-05
3.318549685304110616e-05
4.522530225142198533e-05
3.437411642435410505e-05
3.517982429034373495e-05
