9.148501872659179799e-04
9.148501872659179799e-04
9.148501872659179799e-04
1.143562734082397375e-07
3.988546915442281162e-08
3.965483985632759036e-08
3.366393592110646687e-08
4.961486431283104633e-08
3.407789253468995936e-08
3.503657704928214918e-08
2.255848611902703510e-07
6.551094071545978999e-08
8.215644320726428055e-08
4.154475297568140925e-08
3.489492477371710860e-08
4.097336802710965066e-08
2.172955282755819816e-07
5.817724059365222195e-08
9.352957204916627918e-08
3.407948940673089848e-08
4.867650507616803894e-08
3.676962664275813827e-08
3.816666147144153297e-08
4.158459847198346962e-08
4.159388312707744886e-08
3.596677937055650565e-08
4.070364707159266237e-08
3.388302222778885163e-08
3.406307621866177016e-08
6.929230245741853688e-08
4.472345237747008973e-08
6.447276626467230152e-08
3.345189038590643602e-08
1.038584892933395564e-07
8.939783964670289468e-08
9.598634039423970547e-08
5.624765019891931118e-08
4.487556762134186739e-08
3.529676677066681903e-08
3.489351369919862756e-08
3.504212739289446689e-08
5.262870486733115803e-08
3.981679330100761227e-08
3.367959674232801976e-08
4.434126741607619797e-08
4.217761083663468177e-08
4.334291166359215459e-08
5.229132642727733255e-08
5.945674964161427264e-08
4.145058845657737998e-08
4.138764154673225987e-08
1.068318079523255364e-07
3.837151129461772681e-08
3.663873905257929317e-08
3.394040260984309605e-08
3.597877009495510678e-08
7.186600257830775814e-08
4.315258897940769668e-08
4.666976543863932861e-08
4.211603104418842311e-08
3.702166874469897834e-08
7.254756717070067031e-08
5.709192988827849515e-08
5.257498043009641038e-08
4.950887422082990313e-08
4.785824718279773048e-08
1.053303753930283445e-07
4.693159957106342659e-08
3.954598122502009215e-08
4.074462995360341272e-08
4.687680449647302333e-08
3.664745110140784194e-08
1.507313913790234910e-07
9.741561407438722054e-08
3.910165096993017777e-08
4.859412039566556390e-08
3.354125574415494692e-08
3.419095811370241207e-08
3.468142549004102300e-08
4.562366835634774574e-08
5.601977060048010657e-08
5.540301863446668301e-08
6.597832606208314913e-08
4.896826448538486877e-08
4.221150377935557539e-08
7.329486574624252041e-08
4.779589361130283326e-08
3.746660966982841204e-08
6.506860779716686263e-08
3.718043128574098077e-08
9.874583962843775287e-08
5.491859965908048359e-08
4.413755880767239752e-08
3.588018891260642114e-08
3.597780737295263767e-08
9.522339453995637726e-08
3.994610113815079073e-08
4.050367560461250376e-08
3.767309868195011099e-08
3.756690266502742764e-08
5.036141660568732388e-08
7.018735388867768123e-08
3.975679500255336833e-08
9.677784389214941043e-08
3.511461409382445965e-08
3.780403131707035817e-08
7.549420804230819825e-08
5.640695042958765579e-08
3.530608806318078333e-08
3.765112130313781179e-08
6.726144091298355841e-08
3.367870697172822655e-08
4.472038554569328653e-08
3.381255146527808866e-08
4.059091212382913726e-08
3.360999892419590891e-08
1.471678069455841147e-07
3.481288235620664732e-08
4.524843424513881460e-08
4.660324460242224857e-08
3.406964173109730583e-08
5.273993057676670896e-08
5.086063299218940341e-08
5.678948483364473317e-08
3.857299175934422318e-08
7.263502706844192337e-08
4.908904128348337895e-08
3.921278712850149246e-08
3.689987604689418552e-08
3.798131018292651972e-08
4.055252364293135496e-08
4.962318278387945995e-08
4.674519812266614306e-08
3.637469207796332211e-08
3.984947134096917184e-08
5.330549649478229787e-08
5.205533227876116862e-08
8.704975116749610530e-08
3.364142029890525947e-08
3.859930848806436061e-08
4.228078232986443120e-08
4.775781940771709407e-08
4.111132111312951836e-08
4.066935946949210881e-08
5.121461258114667244e-08
3.569071584135668524e-08
3.491326744465281641e-08
4.652545647851077708e-08
4.907705603144826999e-08
3.387866885500281446e-08
3.396668644722145978e-08
9.834581552570314041e-08
3.905741447550670400e-08
4.209129184123756731e-08
3.479258484284841822e-08
3.961861891401875747e-08
3.711635612563653971e-08
5.462352462376154789e-08
6.096218432611966819e-08
3.668499410967275929e-08
3.470624319313277764e-08
3.775898739066914472e-08
3.643350742575673570e-08
3.841499694697794698e-08
3.542641824214217216e-08
3.680383152486070893e-08
4.696672880391491270e-08
4.317926516647182625e-08
4.700692692935086640e-08
4.353027185372671484e-08
4.787470839600558774e-08
3.506238868674264701e-08
8.064894597311394248e-08
3.389004063641432105e-08
3.358604965945534332e-08
4.182397725983983090e-08
3.499128507577528984e-08
4.238792323558492361e-08
4.004301337088292242e-08
4.826040924627447012e-08
7.220386081014424974e-08
6.522455799279805087e-08
3.495690978983276011e-08
3.361017696966305314e-08
3.531945337137749518e-08
5.161900742317276298e-08
9.139848858012712722e-08
4.981892975331045049e-08
5.458031336456458214e-08
3.703548470917784791e-08
5.025912270457147453e-08
5.215888673635771732e-08
3.989280420529325354e-08
3.603127245521021067e-08
4.039760339918076509e-08
3.427939445352567830e-08
3.408809445074699214e-08
4.895610978116474378e-08
6.484527106399556230e-08
4.244058651789767866e-08
3.530177924028745105e-08
3.360269885700219042e-08
5.021653185527226007e-08
6.919533330379241193e-08
3.923574144849421949e-08
3.463698982635517980e-08
3.477890441403328378e-08
6.961781144932066837e-08
5.736858604819259742e-08
3.670441514386956410e-08
3.539329150554468756e-08
3.812629687824417423e-08
8.180276263760833080e-08
4.047410476773411553e-08
4.382159892032880375e-08
4.233801661211065242e-08
4.475312333256402785e-08
5.754500406115080056e-08
6.326947619120654587e-08
3.410450462736568658e-08
6.681407961051339693e-08
8.471398034601724076e-08
3.719414568526988250e-08
6.844957644100956150e-08
4.424513553401132288e-08
3.436715409432510138e-08
3.688569949622251633e-08
6.062980224999235514e-08
3.471215992631441830e-08
4.148082826909310699e-08
3.673271474250732489e-08
4.359693474973737158e-08
5.778426804999658545e-08
3.806771471437475844e-08
3.866611219659468566e-08
3.930509791863131356e-08
3.555656565017208339e-08
3.967730293562819510e-08
4.744903166189975204e-08
4.265896075768535650e-08
3.796542228696934120e-08
4.259881409971603729e-08
1.006127210520965326e-07
4.828155241890616391e-08
3.538590942619133498e-08
7.545610158081423072e-08
3.522595760769454023e-08
3.643603752362364951e-08
3.405881733872904340e-08
4.519131742125978192e-08
3.569746826961164152e-08
1.489295613806965691e-07
3.998523108543860657e-08
4.401593646871383536e-08
3.904721087115880764e-08
4.106975261059561492e-08
5.034073666581997168e-08
5.621782756445292450e-08
5.522703929635817830e-08
6.459202922701020283e-08
4.283835213062674360e-08
8.670931067714386530e-08
3.801575703398094985e-08
3.527434038502262915e-08
4.077050410505219817e-08
3.701480372956822898e-08
5.190086224446147582e-08
4.196257246307532019e-08
6.142905688061218375e-08
7.059081155321184496e-08
4.464253671406904620e-08
4.445627471320062241e-08
3.618621797342478522e-08
3.561913799571691885e-08
5.493788980409721081e-08
3.472955542782298209e-08
4.278547638060742746e-08
3.422144763224419801e-08
7.591153762130982354e-08
4.602364570230738750e-08
4.684976963851236992e-08
4.428211550836375668e-08
3.396286850281540903e-08
8.092606484144920025e-08
3.666086664407447964e-08
1.033149374917193734e-07
5.569744603940294926e-08
4.724033211981838040e-08
5.334476013499866372e-08
4.687942585111792139e-08
4.362704567251349681e-08
6.581906118360951702e-08
4.709097955819394250e-08
3.462753547148985694e-08
4.775521019095363913e-08
3.426371401677580164e-08
6.492494835171966211e-08
6.417713130700831425e-08
5.333976334576669115e-08
6.597810043592152496e-08
6.351727053047492274e-08
3.354134481249619744e-08
7.826898856062309656e-08
5.070285223878183031e-08
4.091701863202288560e-08
8.733594371634464446e-08
3.405881733872904340e-08
3.635627467234183779e-08
5.213663245224521805e-08
5.656512219871582512e-08
3.843195731996515312e-08
4.598389295784242145e-08
3.386711841267133444e-08
5.863826702838757581e-08
3.838046776266283777e-08
3.948759052986315848e-08
6.858695775810672363e-08
3.553497048795687142e-08
5.176210049218778650e-08
4.896615772402889750e-08
7.554794161750199413e-08
4.512161209935148618e-08
6.014738331948330688e-08
5.379169872126962375e-08
4.875828710171829512e-08
4.011951300130095479e-08
6.344961069586259713e-08
1.034090519086643577e-07
4.120940146126709168e-08
4.377260588759898375e-08
4.710808012405811939e-08
4.378093900313853880e-08
3.917346576673320025e-08
6.308761621312459248e-08
6.270727835487160958e-08
1.202763722981433260e-07
6.259276740386886801e-08
3.682706542278061411e-08
1.189483153002918595e-07
4.543313468771042760e-08
5.071947919623053097e-08
3.521988659580664491e-08
4.980948988602836543e-08
3.423163883445716372e-08
4.030600912746178587e-08
5.097465675166720282e-08
4.289891713169682413e-08
5.545235263090918093e-08
1.329928705677780795e-07
3.432049172352217626e-08
3.958597880474572817e-08
4.116608067710766115e-08
4.490181847078497078e-08
5.151662305890020245e-08
5.117021833355043510e-08
5.000602126886555015e-08
4.434508834946194407e-08
1.327220203620025938e-07
5.197120624387530630e-08
4.038952614224332228e-08
4.305981739859758589e-08
5.686770961033053640e-08
5.969144971665863108e-08
5.950568385790379305e-08
3.684446669126930430e-08
3.629148971316038013e-08
9.135966508111672686e-08
3.859242873072352124e-08
3.407576334286813813e-08
4.741358365717592488e-08
4.161616418576439003e-08
4.693233661547184201e-08
3.428772118808821488e-08
4.002980539533581568e-08
1.480981894625447916e-07
7.388194787657465636e-08
1.240622546161989041e-07
6.083013026792115790e-08
3.921458590918254797e-08
3.416666799381201159e-08
5.967926519525129481e-08
4.344555062301116846e-08
4.709122503184301602e-08
7.241555634704599056e-08
4.836431381424086015e-08
8.237750487040938793e-08
4.518238870402538877e-08
4.786248485810477047e-08
4.571865451349286892e-08
7.181925097448794999e-08
6.819869998172114588e-08
1.253931566600050285e-07
3.541938934342754571e-08
4.413032370976368035e-08
4.062182014436216141e-08
4.446988797815484612e-08
3.739242937536083344e-08
4.267523110401381371e-08
3.462629840535694506e-08
3.654261075105806580e-08
6.141749543764303330e-08
3.446538550820234285e-08
4.026244745544215823e-08
6.699500175640786224e-08
3.466764577383002314e-08
8.727640975415822789e-08
4.985555543286169580e-08
6.876149074724987877e-08
3.531699143593752190e-08
4.347218174257603875e-08
3.887124376827775528e-08
7.686409708896163416e-08
3.957093816574813258e-08
3.744936776269838439e-08
3.675770093372494397e-08
5.135942803984129413e-08
3.467232749763395695e-08
1.226646579123982615e-07
4.655762597151729189e-08
5.749425688104829561e-08
3.431376111700372355e-08
8.319924484809571000e-08
6.714892171217400533e-08
9.949784996501360237e-08
4.112477994394123734e-08
4.007513403120445841e-08
4.423017514734882501e-08
7.081951667952662273e-08
4.356640146956446020e-08
5.359785721182505844e-08
4.113442899392836597e-08
3.760473331271994101e-08
1.037960405886963270e-07
3.438122938392099090e-08
5.296641747349671464e-08
4.352234402998727055e-08
5.862076059384485550e-08
3.782538142669191602e-08
5.071425831772906925e-08
5.726895041605679221e-08
3.637102623996820946e-08
4.203599415082659560e-08
3.654505177955877952e-08
1.170414615221920536e-07
3.420948307879512469e-08
4.535798859720520941e-08
1.039283132874134592e-07
3.449316078929507341e-08
3.512403549672563578e-08
3.415992982355662513e-08
3.740690435215781362e-08
3.368422345472136660e-08
6.108251298188396244e-08
3.635077518438073250e-08
4.198269926065736892e-08
5.513478870959601725e-08
1.374269687357429494e-07
4.892401773615029009e-08
8.961108452644624432e-08
4.211847110882876666e-08
5.160693191062533675e-08
4.901849593136853528e-08
5.059389987373703785e-08
4.730319499384524296e-08
3.634099780325553500e-08
6.926451553398258589e-08
4.497235380267244611e-08
3.773633066612112966e-08
3.789330141949746829e-08
4.500843865023337424e-08
3.892394321213288018e-08
3.714327453146311852e-08
6.414820046313580179e-08
4.629181443559503985e-08
3.452694356269983607e-08
4.337031026227828293e-08
5.563231303421590449e-08
5.380333315143686393e-08
4.967534699621990493e-08
3.379992861400688620e-08
3.756023586620069964e-08
3.466605571846889870e-08
4.447204608301430860e-08
4.395267962822223817e-08
8.072117993388405231e-08
4.938342240263862199e-08
5.625845112278073583e-08
4.067878079282483629e-08
3.674377187370637653e-08
5.609920233040694912e-08
3.375360509445228877e-08
4.089184579312215894e-08
4.125313375064810031e-08
3.664910633214921355e-08
4.400070696586586326e-08
5.135702596194383166e-08
3.811189068726581319e-08
6.328004012120950919e-08
5.868133039601122319e-08
5.734568692763076125e-08
4.562523536907573254e-08
5.137039717194827087e-08
1.300109217619534011e-07
3.756127486729430222e-08
6.070660522788448555e-08
3.415647194928712151e-08
5.827221856623517642e-08
8.737766052934807956e-08
3.891870839799441026e-08
3.457114937054060138e-08
3.746539673621327639e-08
5.175267058837519855e-08
6.163492799316356984e-08
8.045977367277981157e-08
3.732948593622805310e-08
7.885461386855839643e-08
9.746951028812273827e-08
4.322332620848329047e-08
5.887865481374077675e-08
3.396766311344074558e-08
3.655917407300315505e-08
4.912126826577957586e-08
6.093556442786985619e-08
5.075859135163767140e-08
4.349580405562029100e-08
4.326829535100117449e-08
1.206632734200585519e-07
3.435413980851391131e-08
6.446399141591003290e-08
4.848952677550882398e-08
5.912637289508774916e-08
1.091484132719762790e-07
4.688622481895093874e-08
3.962835837701720787e-08
6.609141570973741914e-08
4.425253214685645711e-08
5.292565342180593573e-08
3.423615816830710798e-08
7.566431949305696626e-08
4.411011376166933298e-08
1.485508604034600698e-07
3.727371634644254585e-08
9.211805814505332353e-08
3.492102708016088615e-08
3.361996910728719752e-08
4.780640955999833597e-08
1.095553999243801004e-07
9.406749549164701302e-08
5.523246460132350922e-08
6.541433384886409641e-08
3.459837311510249289e-08
4.725987171456437564e-08
3.653153843137575895e-08
9.289560693075128854e-08
3.911287956116681723e-08
6.231186795433324435e-08
9.081778481396060900e-08
4.544097781740698956e-08
3.482029462347658492e-08
3.712955543747600942e-08
5.037903713606528738e-08
4.155437755084540487e-08
3.621024937985686308e-08
3.646447629250172630e-08
3.407792931720395793e-07
4.633035072987259838e-08
3.661843796923122848e-08
4.137597895551762403e-08
3.561492641485809740e-08
4.846239468859204698e-08
3.586486160406864279e-08
6.943052702467222968e-08
4.224110197513671131e-08
9.779409458221257524e-08
3.895663536512773523e-08
5.532601051001926845e-08
4.598660925724006586e-08
4.424247600215291910e-08
4.485784405701647466e-08
6.813999218377084958e-08
5.099270533252484006e-08
5.335943257000754651e-08
3.514190801110610583e-08
7.105829943322258391e-08
4.904895260462216561e-08
9.606371539623121730e-08
4.641700758446131337e-08
4.877994385656281807e-08
4.308257573479360691e-08
3.806219181682821389e-08
4.088413212778456807e-08
7.646728015552094244e-08
5.376803219055796735e-08
5.371451564799444785e-08
3.795393706628148620e-08
4.230213188811545731e-08
6.292754401994982916e-08
3.623698509542760602e-08
3.848472052742536057e-08
4.086488876112382140e-08
3.786098705378302188e-08
5.868102061583101049e-08
3.524812777737327845e-08
7.513353092130450719e-08
9.363225723398696890e-08
3.678938463107642743e-08
5.154734370526713242e-08
6.686595546886421571e-08
5.086585011050654426e-08
3.715864188561564554e-08
1.032342509295391478e-07
7.571271834576339577e-08
5.985256627911608411e-08
5.736048594025432082e-08
4.368575120439470967e-08
3.632135375492994771e-08
5.230710834340731469e-08
6.465832983245385389e-08
8.093078152786870750e-08
5.117542754337357502e-08
5.827997649384299414e-08
4.533370397835723528e-08
1.242125198634501175e-07
4.558465364809354771e-08
4.044758839030030190e-08
4.955363609604090153e-08
3.479540902195747915e-08
5.189079974742166424e-08
4.764632513482857008e-08
8.187132028914781410e-08
3.393463013989480382e-08
3.642495711480359629e-08
5.190014351084843993e-08
3.892239853118519120e-08
6.201659767465693753e-08
3.751789045602744791e-08
3.566843933249338980e-08
3.474721360743793063e-08
3.488601712659350200e-08
7.960029855175347049e-08
6.641920779163765807e-08
3.474385872597305061e-08
5.498166034314166921e-08
5.292446137238073992e-08
4.560494563707801984e-08
3.500556155879695757e-08
5.284322725104285232e-08
5.258755715784655034e-08
3.773434155466634863e-08
3.890360368516459170e-08
4.320250939322482723e-08
3.695900280678668722e-08
5.368458490645033025e-08
5.121501320743618488e-08
5.959596192786331343e-08
6.365337093829603548e-08
3.423562648971314024e-08
3.753841518296445520e-08
7.351601895587719096e-08
4.105425697513606657e-08
4.859241551649007817e-08
5.227498530984949782e-08
3.436246201088041808e-08
3.464034729246111993e-08
4.859476986951334249e-08
6.279706773175366361e-08
4.285259478787968961e-08
4.704269685275825022e-08
5.178031976782594036e-08
3.434502022079375622e-08
4.630438685833318026e-08
3.904609615130645675e-08
4.324322106289493576e-08
4.001497707947324406e-08
3.584007169035894527e-08
8.688901550881099025e-08
3.580721625936650479e-08
3.457344768591579429e-08
4.201469506128959816e-08
4.058420328745662816e-08
3.978786380165303601e-08
6.269211989597604424e-08
3.568440159351414241e-08
4.857284892757333852e-08
3.995147248242006769e-08
6.162031605408345076e-08
3.346757595890578246e-08
3.635932985356722131e-08
3.372007509155842595e-08
3.955435762345158898e-08
3.736182795661194040e-08
3.898202925953167977e-08
4.126615814942844171e-08
4.160249207156974007e-08
6.452828295772376642e-08
4.445162604258614297e-08
3.923368597463597390e-08
3.682471609406497682e-08
3.406822218764464713e-08
8.984996322884578847e-08
4.005911710623861357e-08
3.951589091038567734e-08
6.788905461931290789e-08
3.461525268222158783e-08
3.774964838935201264e-08
4.277223393688866294e-08
4.275907429075993079e-08
5.325019785448684742e-08
4.815718103398010359e-08
4.538714236637032412e-08
3.379877294198144682e-08
3.502961678393153381e-08
8.188856434108152610e-08
3.515141561485275089e-08
3.627716676517260066e-08
3.863877517343655103e-08
3.567080747302601620e-08
6.247721292603208285e-08
3.862948980154489741e-08
4.523033404894447135e-08
4.998965775507736253e-08
4.508637710651381931e-08
6.950900438219408233e-08
7.130558589902242016e-08
3.442380058187710511e-08
7.302860154279527626e-08
4.846978734006838066e-08
4.198842527270422771e-08
3.674856013695956212e-08
3.807660270703627772e-08
4.152305342328145607e-08
4.592997022597625265e-08
4.430986619293015158e-08
5.023754661608950399e-08
4.186207077147119975e-08
3.503728186700389791e-08
4.931864451273700047e-08
4.636559333047296067e-08
4.345414983176371366e-08
4.694740444470229612e-08
3.348352701471944940e-08
9.739855675781995805e-08
1.032154217967296523e-07
3.841103638725976156e-08
3.593141404088882036e-08
3.563703582579342867e-08
7.455286038921088586e-08
3.708691395834227003e-08
3.457716026853119308e-08
4.213252182792760991e-08
3.950452006754277239e-08
6.584615128167716499e-08
5.195236501068360156e-08
9.206685530575484938e-08
1.035226329372149124e-07
4.217836782530455046e-08
5.586960372143991705e-08
3.972520785838722854e-08
5.940695607471706386e-08
6.206967752710798654e-08
4.791471465498880414e-08
3.938606071554501063e-08
5.175283042083182818e-08
3.735376478368313712e-08
6.756836498180319168e-08
3.630720839539733121e-08
4.714415804565083331e-08
4.624258477282937266e-08
8.192340595693961319e-08
3.495867283052946673e-08
3.442415454911491000e-08
7.752721339840495938e-08
4.769510679842116919e-08
3.601587374629109583e-08
4.566762208397312021e-08
5.035626693593370365e-08
3.699716178751875013e-08
6.816834060208542628e-08
5.119746504146734938e-08
8.491775252962666673e-08
4.521520783858651473e-08
3.803069021082638674e-08
3.586696373183193111e-08
8.328801927888276613e-08
3.567712232230497159e-08
3.457813259512883884e-08
3.452588244949577784e-08
3.820486000633722128e-08
4.422527118977733246e-08
3.496237514364176237e-08
3.708187607006615607e-08
4.905373128106830981e-08
3.648558369494686738e-08
3.971829199726232249e-08
6.604081708537929332e-08
5.648249263102611937e-08
4.273526700771054846e-08
4.882479084139998097e-08
3.961263824538726710e-08
4.288660481798835126e-08
3.385370089321120187e-08
8.272751244210862313e-08
3.977002559008778850e-08
3.527354880041571832e-08
4.387699121222383050e-08
3.956854520505140913e-08
5.426788090817627342e-08
5.997075223549946041e-08
4.321396313191311659e-08
3.422676487587357562e-08
4.104299420231518634e-08
5.510222046704679711e-08
3.363020557977202942e-08
5.957358850092569862e-08
9.264351447293024781e-08
4.396616523085065168e-08
3.849711252350521889e-08
4.643630478675219055e-08
4.910596515707060200e-08
4.663458042992505756e-08
8.217089575522707416e-08
6.852386328510159353e-08
4.008109737097199030e-08
3.431792350470948706e-08
6.572618118140552303e-08
1.488675863032901924e-07
4.301437539929829387e-08
4.606264936850429516e-08
7.358847999305342098e-08
8.476894379134994224e-08
4.564296641782660547e-08
5.658528642264094461e-08
4.308349604544511294e-08
6.931050361106571616e-08
3.883235145601535695e-08
3.589166142662977881e-08
3.492764006564832032e-08
3.600239852569133318e-08
6.721540581466271968e-08
4.363855484643995270e-08
4.823430236511642783e-08
1.150685660916589409e-07
4.865207739551083723e-08
4.840641260282647547e-08
3.345456419310047412e-08
4.674511614714580584e-08
3.500212476075093979e-08
4.465870619478999172e-08
3.691370339496160678e-08
4.538226996599820726e-08
3.750507190311090594e-08
3.451986932065899505e-08
3.481182342867542785e-08
3.728776912536491144e-08
3.407265821183958534e-08
4.192542839489267335e-08
5.358367647241487954e-08
6.162658934869202281e-08
4.908094322038420818e-08
4.628828085593261048e-08
4.389373040371578391e-08
4.883849428477791867e-08
1.428817529755936448e-07
4.682060038753270520e-08
3.577154863374840916e-08
3.797172583587223517e-08
7.927354551768746875e-08
4.280575712457421908e-08
4.125719341377482257e-08
3.426566309523452718e-08
4.500181811922720270e-08
6.246287922866202934e-08
5.432181326403839899e-08
3.943944258080361832e-08
3.779236095478151449e-08
3.373884224701984567e-08
3.755201018724483952e-08
8.948844939604984332e-08
3.395336757075413385e-08
6.547778792928696086e-08
3.588982238303737980e-08
4.760267209227723917e-08
4.051760941523516851e-08
1.146776909099106547e-07
3.371607227983577570e-08
3.578250400983995950e-08
4.123038087315507407e-08
3.527706692023288608e-08
3.446096217632976805e-08
3.422215660999457248e-08
6.670549752702302994e-08
3.656832668292612878e-08
6.172510504442706557e-08
1.366758358920965123e-07
3.348352701471944940e-08
3.368982868190338187e-08
4.087794397939333532e-08
4.100064603556435646e-08
4.002460711910988540e-08
1.039887284329053689e-07
5.154166393073610221e-08
3.973818495832656559e-08
1.256505898583501902e-07
6.944322448619737540e-08
3.406973045207213139e-08
4.273090756861933275e-08
4.421463162795052974e-08
3.881483385721076630e-08
4.224084973969637866e-08
3.857496997010011749e-08
4.979738683775323457e-08
5.729902484108067151e-08
5.245466748948427167e-08
1.186425139855918335e-07
4.915956129968998487e-08
4.175653384104548442e-08
4.475643821759741845e-08
6.734622967611790781e-08
4.416183995772378218e-08
3.452826994274020542e-08
5.068815190922886479e-08
3.854107885417602824e-08
3.368707058338067938e-08
3.741479132495333503e-08
6.152344222860809417e-08
4.180029085894587361e-08
3.978402320732295209e-08
4.961389514789647864e-08
4.737306353692848135e-08
5.862695771125002118e-08
3.550722554557894777e-08
4.070152552367503614e-08
6.619153185129429799e-08
3.379166089665899290e-08
4.206739065554109272e-08
1.069544667517439665e-07
4.566828172163139622e-08
3.362646713230059011e-08
3.589656542771223552e-08
5.124770167314580897e-08
3.414556577249178189e-08
5.874056834328706562e-08
3.626913132169710882e-08
4.608173676091668629e-08
5.926454290058883001e-08
3.491203291743457919e-08
9.281481785673202923e-08
4.392179203518883338e-08
3.448015840820719265e-08
4.184993572646438825e-08
6.529876568211203498e-08
3.657346932671631090e-08
3.841508304496850291e-08
6.029827165490668957e-08
4.152980845159153980e-08
4.311428178846674509e-08
3.756629660462978177e-08
3.953580928770590362e-08
3.451889658403584735e-08
3.415806790213185026e-08
9.425328237719321539e-08
5.510513135118319662e-08
4.021044729940165002e-08
1.025545123110597051e-07
6.821443778972471130e-08
4.216903139430592559e-08
3.918006284934154616e-08
3.987907203243317518e-08
3.682854461052753645e-08
4.064007349359060812e-08
3.473829650720429976e-08
6.983722603216908498e-08
1.268623438440612792e-07
1.108441318477303815e-07
4.180197683467433123e-08
8.148394462465938811e-08
5.735526745003004299e-08
4.058726051309688636e-08
4.824243572864929237e-08
4.161743006545937398e-08
3.503490309298650394e-08
7.088800355444996984e-08
7.260154427502262880e-08
5.160005415066758972e-08
3.499692534180922532e-08
3.777757720235354069e-08
4.282033766264801000e-08
1.268399894570177146e-07
3.765112130313781179e-08
4.562614258082114602e-08
4.017792802181618164e-08
5.586936851677906313e-08
4.119104228532539239e-08
5.416937831393301702e-08
4.089794865518688337e-08
3.478269976458781707e-08
3.677441406413429262e-08
4.029809743324758757e-08
5.243156843461513693e-08
3.344422517580511653e-08
6.348978352382898586e-08
5.246279138011394381e-08
3.983522351571295331e-08
7.898219233875251721e-08
5.737614069886350735e-08
6.679076218075843491e-08
5.473364316340972289e-08
9.843088865967962931e-08
3.944722592659813156e-08
3.804035715055552030e-08
3.708204979319988064e-08
7.183390308285437937e-08
6.822368612546377926e-08
5.799633376809988144e-08
4.065798525307580686e-08
8.584755222877156024e-08
3.735194400699643051e-08
3.469661692414436470e-08
3.998327055344773592e-08
3.410237585103920167e-08
4.329980022326136747e-08
5.388981978337442435e-08
5.233069929126744664e-08
4.040942097395193686e-08
7.045478687902185708e-08
6.478732917557155865e-08
4.957294360335605553e-08
5.399430125604621501e-08
3.682593426918733581e-08
3.502706166306177468e-08
4.483208379308113473e-08
4.454756327241044717e-08
3.831896763522774638e-08
3.729410111768915195e-08
3.362700120258645581e-08
5.676379437749559050e-08
4.141451308626434754e-08
1.907429928204972316e-07
5.153094392989681566e-08
5.232336725444719447e-08
4.818297292981280195e-08
1.114297000248431549e-07
4.597730782310165653e-08
4.239791959731248462e-08
3.458847419145218757e-08
5.894263940548260074e-08
4.090659398674531733e-08
3.798390044320126694e-08
9.605412995859822345e-08
6.974452625410011149e-08
4.957552856622217098e-08
4.258773876125118747e-08
5.161652840205297638e-08
4.421396663408544687e-08
3.458520385568676873e-08
7.190015957269915522e-08
3.343664866445579340e-08
3.907336163167106284e-08
3.416657933583405711e-08
4.467628366215504629e-08
5.040003493419024755e-08
4.570505275453049212e-08
3.546296289786904483e-08
5.286246554733676213e-08
7.530908480432344489e-08
4.760308011095497511e-08
3.516664404799990676e-08
3.636779673472684688e-08
5.986767021095226958e-08
3.806624771425277135e-08
4.203995060150261532e-08
3.921098832719164434e-08
4.055065494524056684e-08
4.291491344429655379e-08
3.375404973348636561e-08
7.187093498118877263e-08
3.972811072274923106e-08
4.456017401239392425e-08
4.602545618187914626e-08
4.344321290047242337e-08
3.657965769229679028e-08
3.423801902713074459e-08
7.013284421199977353e-08
4.703393917079135588e-08
4.500868691540984278e-08
3.594690932770420779e-08
4.728938166732116288e-08
3.613971679476872492e-08
4.067631941865474822e-08
3.359655581034647472e-08
6.670407246852667557e-08
3.787705869608666094e-08
4.751990782071360681e-08
3.642460811186219291e-08
4.103562640657333732e-08
4.287672082471661106e-08
3.633680729574257701e-08
4.152389781684371236e-08
6.432536968263464238e-08
4.229372687179229610e-08
4.018244025179895005e-08
4.252639183548866441e-08
5.201399185583424049e-08
3.511540657261407587e-08
4.807628435377255933e-08
5.771428800576266524e-08
3.733729028188734886e-08
7.409520938793757585e-08
3.528067290201720237e-08
5.321782125686884882e-08
4.476986287438579731e-08
3.600502366754233910e-08
6.510724566838966596e-08
4.117784271972184632e-08
4.589382078758938873e-08
4.539052819470520144e-08
3.710089754485077298e-08
4.283558724231443879e-08
3.409634413769137984e-08
4.034352058760662736e-08
6.304988971847010765e-08
4.604553485268640699e-08
5.198581500777331105e-08
7.563735521399115622e-08
5.352306105799719805e-08
3.985535779516456694e-08
4.747238778818995632e-08
3.871363960573538188e-08
4.871139644777802417e-08
7.373422636819052113e-08
9.504975365384456923e-08
4.993757578633662469e-08
5.705145547990920939e-08
4.573753043008337918e-08
4.104849866149298541e-08
3.998744731005571506e-08
3.512104184840456868e-08
2.168822994027614885e-07
3.529096263614442398e-08
4.007274863318209236e-08
4.562993632653384657e-08
3.855578885727918374e-08
5.389765171632018789e-08
3.355229976761895072e-08
4.973669913133714754e-08
3.670040922160324030e-08
3.842739456099997662e-08
3.564791380090055977e-08
3.900553208448035471e-08
3.354392776867181737e-08
4.719364147385509937e-08
3.913747678844421549e-08
4.026925474311859758e-08
3.477051897010999036e-08
3.886875426499366513e-08
3.545040173485207767e-08
4.143200259541620265e-08
4.783404173890355997e-08
5.699303177636075280e-08
4.906887648666785645e-08
3.606276469167807285e-08
3.875625576189550015e-08
4.598208206929198759e-08
4.058428821116851044e-08
2.105558205469590370e-07
7.426808848822408852e-08
6.620663617903434474e-08
3.375253795479601173e-08
3.576681565182959469e-08
9.083028281759293143e-08
3.520739180598037160e-08
4.762560138612566759e-08
3.544302263079725014e-08
1.041363729789879217e-07
4.699587534849252477e-08
3.742068461571137931e-08
4.871261347584992110e-08
3.366108830339358405e-08
5.138336721496231641e-08
3.590470920235402650e-08
3.386782923755732945e-08
6.460631893654387367e-08
4.243529573049239112e-08
3.531408981408597918e-08
8.811428297245154872e-08
3.627664272807545441e-08
5.348319607983919428e-08
4.662473728170876645e-08
5.979984917155459979e-08
4.091040795839408383e-08
5.045867237673895013e-08
3.645470654338008956e-08
4.239909560112911350e-08
3.995385968858845275e-08
6.199123753506888816e-08
3.807358257353926971e-08
5.079151360864633987e-08
6.431833067146122843e-08
5.735885030683578210e-08
6.902427267513900971e-08
7.630987423240690749e-08
3.641239248214971680e-08
6.292990323647228971e-08
3.855621895321474887e-08
4.270189769942805056e-08
3.851113837146935382e-08
3.462108493382016448e-08
3.894256399337303924e-08
5.099631485704038643e-08
1.726997328011244086e-07
4.290008968692503810e-08
3.921484287616737341e-08
3.412791897521225934e-08
3.632109181634471595e-08
4.616184934850867689e-08
8.485405596901089397e-08
5.065159728876789467e-08
3.832043221062561521e-08
5.625829459135465021e-08
4.306082150623919036e-08
3.684855569119578099e-08
6.373888036720752389e-08
5.083133438061479842e-08
9.887501248143344408e-08
7.390512320988552162e-08
5.183440879069963523e-08
1.206742677442118840e-07
5.071249122072395360e-08
5.805605636145829887e-08
4.595936213403324061e-08
4.892345040519736642e-08
4.145168664681054351e-08
7.356718269143669866e-08
3.926605656209315525e-08
4.634053809073271626e-08
4.125237255269295916e-08
3.462135003032920765e-08
3.361658644945691346e-08
1.538974446718297019e-07
3.557947400624547440e-08
4.959362236295045397e-08
9.963627657634746368e-08
4.429308336422428805e-08
3.951238570019323823e-08
3.946510050931495727e-08
4.986942948394734029e-08
4.701715929544008704e-08
7.285873415349181186e-08
5.058224589271466949e-08
5.678886017617182989e-08
4.495786816995022801e-08
4.370967805592459817e-08
6.455883473482423878e-08
3.555603897791650118e-08
3.548702803358561841e-08
4.144788518809037077e-08
4.228859960677955950e-08
3.388622053501640388e-08
3.551231837770457367e-08
3.605515469806089899e-08
5.072871580601033658e-08
3.737786630845855140e-08
7.327493912739411568e-08
3.998804398066752641e-08
5.049566391793882910e-08
1.575484465981816344e-07
6.331545267064265717e-08
3.392139693616205230e-08
4.935423050414808126e-08
4.560346093394529317e-08
7.786769253426580709e-08
4.447603020781818066e-08
4.608206583655470585e-08
3.732515001238248337e-08
4.361211597538636500e-08
3.364293332436912381e-08
7.726625865017335296e-08
4.931306340007565389e-08
3.986533867731883373e-08
3.515423255916228145e-08
7.236771788286185431e-08
4.380343643487127974e-08
4.436842748198329780e-08
3.488919219473805332e-08
3.842240119785903196e-08
3.851793571562105000e-08
4.863738684877507365e-08
3.407576334286813813e-08
4.966428545181562147e-08
3.454268245138629767e-08
9.544702071087646481e-08
3.633602156213385749e-08
4.896162000721635998e-08
4.466401278226144882e-08
3.493583973296719677e-08
7.594784420915761019e-08
4.315635232761235186e-08
7.284119902712657836e-08
3.533985061505005443e-08
5.522743243887675525e-08
3.473017350200948113e-08
4.711388905403816944e-08
3.972554937459398108e-08
5.442300888671381992e-08
3.591539173343616414e-08
3.567028122297108826e-08
3.808074450702301646e-08
3.410752033696514089e-08
4.006320668606853564e-08
6.110283032583916865e-08
3.597220595355102821e-08
5.203402463057210492e-08
1.319933846667691948e-07
6.936821936851693344e-08
3.958187695399868669e-08
3.815493269016745287e-08
4.077958029363726925e-08
6.329394735678773800e-08
4.129338766319867904e-08
3.442247319663112572e-08
4.282368933501131484e-08
5.072943865338301538e-08
1.227715632190562318e-07
3.504415365405066327e-08
4.448723508052146533e-08
5.288551739879454927e-08
4.067436726783632968e-08
4.814342936905131955e-08
6.178444024716576301e-08
3.988990434176425925e-08
5.421677889168707210e-08
4.807172578208527024e-08
4.017784288418372640e-08
4.544807762191652353e-08
4.184816595890653924e-08
3.919591184794670106e-08
5.591272039469580954e-08
1.125899832468012030e-07
3.587545951776338059e-08
3.582964638283468244e-08
3.754603546433217108e-08
3.864960740230972245e-08
5.455200062165150009e-08
4.194682303469465299e-08
4.922107360865382936e-08
4.269284158683596947e-08
4.606075697618823290e-08
1.987126200248069599e-07
4.677765760464254830e-08
3.901548111882119960e-08
4.422718291821827247e-08
8.341493059973748980e-08
3.963160473169906837e-08
5.115499065227778572e-08
6.087241684385655153e-08
3.924541894284993556e-08
3.442716323389982713e-08
3.575165152559032899e-08
4.618248874484869866e-08
4.461276445550357578e-08
3.705703156634983844e-08
3.446007749292251902e-08
4.493270178194553605e-08
1.117739477271721721e-07
3.987591602441841689e-08
4.011738377258485330e-08
4.192172195947977072e-08
3.655769216799428438e-08
5.318004233460483854e-08
3.918331845010612460e-08
8.670931067714386530e-08
4.060254577787653222e-08
4.727352370558982754e-08
3.724977152365510664e-08
5.336894928584653443e-08
4.310717143929914760e-08
7.199230433606476015e-08
4.624899605496797626e-08
4.137386607933125369e-08
4.446814487434617758e-08
9.734874511840649267e-08
1.604368452972263918e-07
4.803883574031894676e-08
5.205932223264135096e-08
4.032157616647544436e-08
4.852745659517726406e-08
3.507568907503313582e-08
4.812511941521763261e-08
4.676470727456524490e-08
3.896547222338881652e-08
6.000741348278754312e-08
4.700070537856428993e-08
4.922358225530661304e-08
7.901785331359174986e-08
4.930327585020052604e-08
4.347510340392182250e-08
3.665433325390577120e-08
3.978513272187192878e-08
6.987029386630823454e-08
4.609843660802750706e-08
8.391883675521251037e-08
6.350967773204051918e-08
4.633150094381861143e-08
4.182431440859406788e-08
3.472240322648686020e-08
5.024873748840725847e-08
3.414219620846006774e-08
5.070405713657601286e-08
4.149256793994850830e-08
5.958593272033389118e-08
3.790608701990876830e-08
3.628668644300424513e-08
4.108135221163576323e-08
3.424599385001615311e-08
4.026627659016148422e-08
3.911279384978251986e-08
4.243663943815393633e-08
3.358088531801493452e-08
3.382837281231034998e-08
3.669178740937741937e-08
4.277139577305278837e-08
3.778942161040512857e-08
3.595049839321616047e-08
3.576225781754671003e-08
4.732607875953493493e-08
5.160837141277825689e-08
4.881976330157148639e-08
4.626822856846557668e-08
3.782339348703175217e-08
5.336331861356270324e-08
3.757642615030521753e-08
1.339709513238059090e-07
3.363510100864539285e-08
4.098844773562680292e-08
6.000079022659196910e-08
4.468822208796351213e-08
1.202925533207077408e-07
5.720520451221646740e-08
5.813315268039454482e-08
4.291374099033979089e-08
3.455125850683452439e-08
3.823373969222526476e-08
7.879087722745339775e-08
4.624159840200772860e-08
4.054037672306923715e-08
7.792021846774641218e-08
1.498988483599146116e-07
3.971718201620729650e-08
6.158649871557267909e-08
3.505772003948939605e-08
3.452464447378641539e-08
3.983018954834967874e-08
3.618595579063074991e-08
6.670452248782145532e-08
4.022449155088535830e-08
3.764921759973997251e-08
3.597500669050678231e-08
6.414479216468809599e-08
4.249063089224099581e-08
3.429569311982266667e-08
3.486096683297602458e-08
1.649728941683098309e-07
3.960375226369917279e-08
3.758603560109266056e-08
3.627742878301148260e-08
4.430861999790201971e-08
3.952811579132546495e-08
3.427576242156553067e-08
6.470050540754578239e-08
4.300491726854011974e-08
4.173621117430923110e-08
3.474191638916114224e-08
3.612581598309736119e-08
4.850122327078535591e-08
4.566135540740930012e-08
3.461737352940680331e-08
5.128350878892996768e-08
8.341634912300026755e-08
6.445718313787565052e-08
6.295478781907214335e-08
3.750316634904039535e-08
5.670014136108554640e-08
4.916425633807619895e-08
3.776988216242296377e-08
3.688787390223670664e-08
3.395008204707467919e-08
8.683677797109486899e-08
4.637364314795948781e-08
1.259482027028028790e-07
4.896818345652095450e-08
8.628710480082582138e-08
7.803231153477303040e-08
5.802227498775732989e-08
6.861466408577473325e-08
2.532337371701443570e-07
5.474861563510977306e-08
4.063964902037805354e-08
3.890995470892864656e-08
4.535939271043714047e-08
5.518984484925331486e-08
3.477996359204551961e-08
3.832620422447488213e-08
3.501243490184253897e-08
3.482117700997037000e-08
1.020719554633791920e-07
4.485726428469191018e-08
1.622699581698076493e-07
4.938043063365882392e-08
3.862269737059298209e-08
3.948331510713441601e-08
1.074993403792632020e-07
3.689491875764122673e-08
3.897593853359058011e-08
7.612495816959315664e-08
3.505102510424279504e-08
4.317633851335713982e-08
6.920856174773403430e-08
7.510571820863187173e-08
6.364358142623591206e-08
1.577190372207180318e-07
6.705538186172560021e-08
3.672374653680214433e-08
7.916821786724654574e-08
4.708017840089926378e-08
7.198053029134957210e-08
3.898091407398385703e-08
4.314999640291292457e-08
3.516726019266928726e-08
1.058238698949842333e-07
4.702338030188363987e-08
5.759247212281635817e-08
5.254441106964190330e-08
6.513124052298225537e-08
5.634710868728738028e-08
1.527248285941270121e-07
8.390332690431087520e-08
6.132674600613373178e-08
3.777048740448280268e-08
9.751998859177300265e-08
5.843151465561326255e-08
4.471781599750690878e-08
4.545616775882593101e-08
4.294949723485422389e-08
6.155680908050057721e-08
3.366553767960631037e-08
4.263010643130497395e-08
1.165002551702225497e-07
1.020341895628997781e-07
4.500603873587673253e-08
3.510510399954756769e-08
8.849047325697314887e-08
5.482054803229534120e-08
4.365790189262288540e-08
3.783169080131100675e-08
3.880126494690179377e-08
9.187166565453751630e-08
4.674995264135636365e-08
3.559509521470983821e-08
4.456772343633375649e-08
3.627917555651368570e-08
5.956278678436594919e-08
1.245469217288817390e-07
3.757945622362072973e-08
4.834439903387297076e-08
5.173340987380348189e-08
7.282674459394374311e-08
5.496237403930357898e-08
6.004021901117292106e-08
3.679277890826685096e-08
7.428320240668907462e-08
4.294346860064367550e-08
5.271535140566785684e-08
4.420507210074263210e-08
3.699368529476534386e-08
6.799842975523006614e-08
5.721673931628963475e-08
3.635924256356574741e-08
3.950161310421947415e-08
3.383708265197765109e-08
2.129018325875898084e-07
5.120996525892947392e-08
3.576813038473454221e-08
4.322733880036127546e-08
4.430554601270074357e-08
4.562704978805692961e-08
3.444539091874046724e-08
3.856482062007231242e-08
4.126412844060179576e-08
3.671146878480052401e-08
3.530353795938892724e-08
4.267531496776049117e-08
9.031612050872083938e-08
5.154686373037325435e-08
3.389394946594763546e-08
3.819063367739769841e-08
5.792486390428473486e-08
5.429196655816054947e-08
4.570818537051957176e-08
6.490705141318358472e-08
3.791843965032528165e-08
6.138119969040987774e-08
3.893561363959865260e-08
3.755651271994196658e-08
5.809425833887083682e-08
4.152845746790554273e-08
4.475652108893681621e-08
1.512071381329291781e-07
3.382277333361270262e-08
6.461531575569688598e-08
4.812186412999697409e-08
5.199228085428338703e-08
4.300700982014047385e-08
6.742500766850069829e-08
3.418829882188409288e-08
9.740469747780996575e-08
3.685908216912404345e-08
4.032702002221380381e-08
7.758961918327035118e-08
4.316170450374728011e-08
9.119461915928266438e-08
3.732280856114737093e-08
5.374555053218845071e-08
3.816105591635305267e-08
3.364943024036618285e-08
5.180381067895712350e-08
5.417806919588704561e-08
4.036733286233906426e-08
4.596339595069345763e-08
6.610404505927037475e-08
3.438326531282915881e-08
6.171569879993088557e-08
5.915852703090527952e-08
4.482553959972436951e-08
4.075744029265702374e-08
6.432756460372156718e-08
3.655812802396755491e-08
4.207488118101388858e-08
6.677396637246333156e-08
3.775457737868197789e-08
5.170023888072195838e-08
6.090188263811504396e-08
3.387475958475332098e-08
4.327957759546908721e-08
4.245536625668317311e-08
3.663760644819401130e-08
5.199659130694355532e-08
4.700234264873181018e-08
9.538529652551181878e-08
4.440671030239634935e-08
4.081944168555590444e-08
3.642940682903133839e-08
3.722556251940434670e-08
4.663991191834327548e-08
5.519495650824470102e-08
3.765960114414175021e-08
8.158659079764381559e-08
4.192458603040130313e-08
4.246124420434042241e-08
4.332737272944502202e-08
3.408765090505281305e-08
3.445866198766038681e-08
3.364854027041165994e-08
3.808264279437933709e-08
5.100802531906773636e-08
5.822116496072226035e-08
5.758570268596050812e-08
1.128064219888149497e-07
4.035695794588249773e-08
3.557350590095495465e-08
3.430295603209747847e-08
3.499410523720114706e-08
6.913847352153320921e-08
4.609810756160937133e-08
3.995965704083651883e-08
9.515271235711274931e-08
4.385033845833852827e-08
4.541447493428856841e-08
3.803932143639111016e-08
4.558028150115006287e-08
4.000952264072604121e-08
1.095023937882719221e-07
3.452561716992085220e-08
3.387129445546801929e-08
1.103193025335234420e-07
7.438197155950808774e-08
4.205678552115420460e-08
3.475683637082815777e-08
6.109922699560659854e-08
3.662296892696648646e-08
3.573525843597822572e-08
5.588583224530103369e-08
3.917997717472394472e-08
3.744997429561668846e-08
7.384560938903982002e-08
3.833697232615018733e-08
3.389794701595155261e-08
9.155651315197210780e-08
3.369018456147184136e-08
1.278921349392841801e-07
3.493178404368180874e-08
3.960520481401305042e-08
3.989118369981759376e-08
3.611672290489028956e-08
4.485776123251337991e-08
5.896677418366471024e-08
4.020423339079114267e-08
3.802179953648273661e-08
3.655577438627805381e-08
4.275169774055933477e-08
3.811051038194129631e-08
5.537952613684239922e-08
4.218938583147729481e-08
3.819839365738932972e-08
9.591716900737118724e-08
4.277323972807160550e-08
3.597325623629771713e-08
3.460217340661268706e-08
5.283941118253698601e-08
3.917312305355443129e-08
4.579826634656553840e-08
5.275583789878984700e-08
3.743117063289953814e-08
2.302222270327019681e-07
4.355789124162491665e-08
5.497772450014424463e-08
3.481526491371061574e-08
5.574090976296082120e-08
4.691669427420945744e-08
3.966688319543380711e-08
5.107947666324527015e-08
5.916432358568324085e-08
4.135036907787367289e-08
3.863146728861269621e-08
5.092812415113073293e-08
5.316067406738769533e-08
4.555742914004029798e-08
3.547552294867739656e-08
1.097680226242456609e-07
6.542345349337442248e-08
3.599347268541554872e-08
8.356107773956554050e-08
9.001144716773500104e-08
4.392379031866449120e-08
4.399604630822740859e-08
3.909222175920484663e-08
4.532296484463435843e-08
3.689178775231615344e-08
5.546248516643826474e-08
4.657001630890863893e-08
6.122914332966431100e-08
4.244470146077110805e-08
3.779919038723125063e-08
3.696587041136133232e-08
7.748531358079675992e-08
5.670928037660367795e-08
4.939078034440086802e-08
1.062153137396737040e-07
4.592486526977261784e-08
3.997926417420755397e-08
3.826804339670368482e-08
3.584962025640870980e-08
4.430820459761211931e-08
6.379675556518877920e-08
3.723554161790830425e-08
3.450483535272273768e-08
4.458738362255459878e-08
4.792701632639435382e-08
1.152465431980646352e-07
4.321095346388025760e-08
3.576576385680663346e-08
5.017908631490425435e-08
4.412508431580911404e-08
4.226094331679266028e-08
3.903614906804509890e-08
4.120305635523683648e-08
3.441141115519698795e-08
3.550178128170025747e-08
4.797727389750427006e-08
4.246603038288760610e-08
3.399216625961399448e-08
4.278396779950097267e-08
3.443946276163411597e-08
5.018850875357322672e-08
3.916395519778193648e-08
4.491539784596791550e-08
3.479743886529570998e-08
4.691595716837421930e-08
3.838950982054354094e-08
5.272441978283281365e-08
7.550358847550276344e-08
4.215801205859498964e-08
3.376632119300120752e-08
4.097955256975161966e-08
5.950313705703869658e-08
8.747054143178406326e-08
5.940811418312252938e-08
3.884883680332531263e-08
3.509030923917103651e-08
3.371527170323494131e-08
3.815027542408037172e-08
3.575270342439038387e-08
4.874952638297074440e-08
7.583927459179974818e-08
3.889253168606815514e-08
5.899430956828421265e-08
5.425406006631910956e-08
4.103469482264224798e-08
4.774175585127948368e-08
4.456730864112144491e-08
4.669084046107189581e-08
3.484138213137194819e-08
5.036817534746730556e-08
3.482188291514059130e-08
4.621077166240336170e-08
4.804241809719242684e-08
3.954247668182863103e-08
8.809889118972010905e-08
7.689247323977381827e-08
4.780396404214414171e-08
4.877264409545444079e-08
3.567440346312346138e-08
3.732887891446957835e-08
4.138147230737224566e-08
3.398834903092209092e-08
4.330723687679083041e-08
4.704597064789166347e-08
4.951937881817450461e-08
8.708792375083402971e-08
4.984022832406297511e-08
8.145119662081777926e-08
3.887553592171600517e-08
3.403006641543705203e-08
3.618892716782251928e-08
3.635714758781267156e-08
7.949292569309576197e-08
3.677615490600359348e-08
3.894831281708972967e-08
3.500750022817331609e-08
3.376898875405016915e-08
4.032863613151858713e-08
4.091422184115325408e-08
3.707101797039538521e-08
9.160778716978185522e-08
4.338993769528892360e-08
5.092403198311821997e-08
5.571125492804463080e-08
4.461516964127166772e-08
4.338434201509823298e-08
3.675265180196631730e-08
3.468963966965305371e-08
4.042412797179930160e-08
3.827226618552673050e-08
4.765578877442752497e-08
7.729915207969909521e-08
1.030142999610702217e-07
3.803578269313427433e-08
5.115675391548399262e-08
6.101710265826891116e-08
3.981099075500524785e-08
4.862780898892209853e-08
5.093871526312308454e-08
1.217814747341558504e-07
3.600721124919981667e-08
6.002127552051704254e-08
4.474442146727588846e-08
5.850755690229660699e-08
1.035219609517750622e-07
3.368404550718260647e-08
3.415035395733232837e-08
5.709473709560456402e-08
3.626310444700910308e-08
4.449951813031079775e-08
3.453331007073044912e-08
4.169269042032236065e-08
4.723346416734312372e-08
4.905769992389101782e-08
4.045940231301574588e-08
4.997426031980692905e-08
4.727777442371288170e-08
3.950306659256607273e-08
4.615107647640802843e-08
7.518725604700805126e-08
4.632969346155537004e-08
4.452482849941866731e-08
7.079158524045855157e-08
5.213551568725042427e-08
3.667889729088097806e-08
3.389696984794574678e-08
3.521548714834735298e-08
4.843379628272689556e-08
1.130792894583309099e-07
4.345748921561930118e-08
4.297846522131428594e-08
3.845390832409106986e-08
5.036045105263643768e-08
8.736749470612718615e-08
4.663843552142092257e-08
4.474574749311717541e-08
5.402521681027716853e-08
6.207685580126873388e-08
3.645147889313860507e-08
6.118124710463527009e-08
3.803163966960879400e-08
4.480955088215404780e-08
3.533185032295883987e-08
6.509117240676810330e-08
9.730575186834681875e-08
6.614959591639351732e-08
6.703995101910865735e-08
9.407919588902889125e-08
4.281857800840223492e-08
5.498402181513072975e-08
6.192530431063401858e-08
4.249130252855892541e-08
5.443910743859070837e-08
5.668678367592144951e-08
4.204651642060791847e-08
3.655899973201683781e-08
6.567950299325769738e-08
3.956957076406571757e-08
3.551161592895713381e-08
7.556415433789269595e-08
3.960682823683851511e-08
3.889656576147286990e-08
3.908716403917734892e-08
4.284304396022232300e-08
6.761411562012037061e-08
5.374499637712121130e-08
5.025694909907250550e-08
4.069286932164155170e-08
6.966670882374395898e-08
4.340630611211787007e-08
3.816433303508976963e-08
5.598090616593710275e-08
3.705668406125074318e-08
1.197446844619346155e-07
5.646169367657696110e-08
4.228322001412066738e-08
3.637006612427700684e-08
4.064958140310252844e-08
3.796101828248091925e-08
3.355764332367619438e-08
3.372994818597139895e-08
6.995005577108737964e-08
4.232507545747592128e-08
3.979281376430822321e-08
3.715647145173837388e-08
3.714909173945265901e-08
3.500238913282646539e-08
3.920910384654936455e-08
4.986087931076532736e-08
4.892709750405409982e-08
6.157991833197361932e-08
7.534437245947539362e-08
3.676161824408918585e-08
3.421515529378591205e-08
3.463663640413744919e-08
4.566391157776022626e-08
4.867618047592237863e-08
4.076914687456188154e-08
3.498969871000190985e-08
4.017903480693386779e-08
4.840080537770374886e-08
1.075079941596670377e-07
4.034411593729185241e-08
4.882203381945672354e-08
3.676536135427005906e-08
3.399474060915344934e-08
4.097557076768332860e-08
4.146435754649797925e-08
4.796717456758823271e-08
3.571684684258665825e-08
3.506080312585886422e-08
3.764437170067710076e-08
3.397041549865230197e-08
5.759239431432743866e-08
3.532428919109475094e-08
7.805380225816268710e-08
9.539489872115536985e-08
5.546138553380771693e-08
1.154918034533096130e-07
3.749251212342978028e-08
4.012641150830690697e-08
4.193107212784810558e-08
3.374133247907197908e-08
4.580230370560746529e-08
6.352827968518038731e-08
5.189399424377260748e-08
4.092973071553888071e-08
4.218888120569356023e-08
5.346092235084730655e-08
4.401552037958513072e-08
4.568196866561295048e-08
4.158502051300280912e-08
4.849383181759599112e-08
3.422330869100742733e-08
3.511029940863683188e-08
4.588179684583020149e-08
5.619778703722155225e-08
3.561185539198762923e-08
4.697008579923941134e-08
4.637454667709502087e-08
2.892383527685339227e-07
8.843525849816202664e-08
4.147888565353988750e-08
3.451527086897343827e-08
3.400778914866282347e-08
6.662230636187057795e-08
4.810574965731838902e-08
3.539258846695328836e-08
4.418445501315734318e-08
6.827208560994533641e-08
3.360697211517630633e-08
6.091032270368602544e-08
1.053036112269219195e-07
3.435316590082965049e-08
4.568378252100531774e-08
7.286232909090733118e-08
5.239500300514127620e-08
3.932478615274604135e-08
4.603771759767274490e-08
5.211780618576040173e-08
5.937275072759724989e-08
6.061543739422983383e-08
5.067610166387808569e-08
4.724965251322152221e-08
3.429613599133499376e-08
3.377859153768448398e-08
7.896666130124020962e-08
3.501921979425162880e-08
1.149068875341140270e-07
5.254584410771984282e-08
3.558833793603775884e-08
4.562927655033533154e-08
3.457574596309573714e-08
3.395691939883844821e-08
3.844512829845220348e-08
3.715074135400195510e-08
4.720075620567719066e-08
5.443792376208265583e-08
8.671261207371302805e-08
4.581878179956328979e-08
3.986883610358824355e-08
4.401726794731774930e-08
1.294691717671662018e-07
4.443660004369722638e-08
6.943639317552879476e-08
6.201209109231679635e-08
4.324271954006311696e-08
4.394576993723040644e-08
4.259956921021365492e-08
4.621011396929298256e-08
6.503388919258222440e-08
4.468026322603116700e-08
3.368493524252627452e-08
4.354712771095745854e-08
4.025334225835962684e-08
7.801161269427117006e-08
4.177567367673538633e-08
3.708500305534407581e-08
3.439114318859650730e-08
3.726426033617381649e-08
3.496713511648676816e-08
4.212242562130092145e-08
3.913961922104993618e-08
4.098497444257816036e-08
3.885896755534761297e-08
5.299112636463940699e-08
3.622650108903002553e-08
4.129719267248739317e-08
9.950803003160467501e-08
3.849728462753995803e-08
3.478128755322100200e-08
3.413723038360730243e-08
5.865166708874841084e-08
4.159219504651127935e-08
5.966962510158419205e-08
3.344574042658136675e-08
3.529615119195357323e-08
4.981933315647837974e-08
4.768515569959252902e-08
4.092498498650361131e-08
3.546428043791966907e-08
3.972887911914541037e-08
3.364604832323145634e-08
7.798023726927281973e-08
4.541810795687174731e-08
3.419618790344226510e-08
3.903666358789104137e-08
3.957982598877458189e-08
3.382437320831593672e-08
6.718673281915378288e-08
3.654112867815123091e-08
3.470871588841541203e-08
1.665613034009140800e-07
5.655793142066069257e-08
4.429673916529349909e-08
5.239356893675632877e-08
3.565028228223037432e-08
3.709203853123039551e-08
4.175383553805858333e-08
1.251125192446731883e-07
4.237952247586979286e-08
3.921021740602927799e-08
3.449254165607900346e-08
4.853923201191180771e-08
4.013433165073252262e-08
4.466840718070141718e-08
3.737431201133167415e-08
5.454845141151467982e-08
3.475630669475414016e-08
5.469344883280374268e-08
9.020068098585373822e-08
3.407673922658166497e-08
3.951324063667624714e-08
3.918374681359337072e-08
4.130133580514858212e-08
1.037288809619535634e-07
8.292233782760819002e-08
4.253067257119913643e-08
6.796521124494650759e-08
3.413235305841026794e-08
7.507688346347237132e-08
4.375118796092228009e-08
3.343450933649352651e-08
8.462416869312480209e-08
3.715733962909264577e-08
3.983189599578346555e-08
