9.495147308918219353e-04
7.886725149987456078e-04
9.495147308918219353e-04
8.529931947940736360e-05
6.559733231559779860e-05
6.967797996779597468e-05
8.995621829355924463e-05
2.043798278899653390e-05
2.513457639781889252e-05
4.610071169007070907e-05
1.068610289019602307e-04
3.479566395629698724e-05
4.071212740360636781e-05
8.614236300600699764e-05
1.213627456611200869e-05
4.367417890480033255e-05
9.287119376885551994e-05
9.000435068646961043e-05
6.338264856710380129e-05
8.972898675326189649e-05
6.946753711725521790e-05
9.185636037474799692e-05
1.388869452235866079e-05
1.326629000459767417e-05
7.423001559223072561e-05
2.806960180825708248e-05
3.327058941686816232e-05
7.306832883728179857e-05
5.499061561954312260e-05
1.750465311489430697e-05
5.947449309931607882e-05
8.817534746204626545e-05
9.431330093342065552e-05
6.058951823486765623e-05
4.513448696396243172e-05
9.479427434668863742e-05
9.280735762421128535e-05
4.485091646119424561e-05
2.181429498302303230e-05
5.098001134767626049e-05
6.123767014705080427e-05
9.550546016492150888e-05
8.165079976361510792e-05
7.770997574046726252e-05
7.798288790951445407e-05
9.605406496410535597e-05
1.445086818380196009e-05
2.351600030673203963e-05
9.017458119392971481e-05
8.329846056444945360e-05
9.472892391495322932e-05
5.549279506225668243e-05
7.462006867008318361e-05
2.090504293077240198e-05
2.466230184897203818e-05
7.375756848169856962e-05
6.834721120455518914e-05
6.078434017745734235e-05
9.036048759534213602e-05
6.002490630622748765e-05
4.046933509834860047e-05
3.385862805124381750e-05
7.518390086589947139e-05
6.425760989255610025e-05
7.741351493642075940e-05
8.036555108996018559e-05
4.740125378147570177e-05
7.945611976001247371e-05
9.330339657108887208e-05
9.481454363548458752e-05
1.630959462256760764e-05
9.520212371767029173e-05
5.455778163429116562e-05
3.950817694500481994e-05
1.332342907243788786e-05
1.327447368923122504e-05
2.245284676136774030e-05
5.023147291947314139e-05
3.790979743475293413e-05
6.762096086421419655e-05
3.277393775068612345e-05
6.851460825800149046e-05
5.876155943542919020e-05
6.471111758832439687e-05
7.831529219587080937e-05
2.518285509358556272e-05
9.467518958029639143e-05
9.370963662614553832e-05
7.055008834541512429e-05
5.693597401220981788e-05
9.896698944095378477e-05
6.455751001341122224e-05
9.572829208297387136e-05
8.357903732096743656e-05
5.616407472201306829e-05
8.635686117935480828e-05
8.887308197097620465e-05
4.645781562050556139e-05
3.268855927879068130e-05
7.792363286645239188e-05
6.410083083477439167e-05
2.949800446637342570e-05
7.902787101488368692e-05
8.587009753590693910e-05
4.454812695059599879e-05
9.535303073822969024e-05
4.814714401928420147e-05
6.037282437997382818e-05
6.725432052606394602e-05
6.631777554200707456e-05
2.089284728761729411e-05
6.608381721452311389e-05
9.233499780138802347e-05
3.465014586197853047e-05
7.702951529459152609e-05
1.686413357577712092e-05
5.270942259423694743e-05
7.091747625319916207e-05
5.178624789066916162e-05
2.309522576870560540e-05
3.649042523089777350e-05
3.882881712155671213e-05
8.850905564906958345e-05
9.722865636936441655e-05
2.136785974539117251e-05
7.976793588380910001e-05
5.324076636808818989e-05
1.868281669044930213e-05
2.617732686512184612e-05
6.710622673517436826e-05
5.926064081931485371e-05
3.589137463166295738e-05
4.594722386880162188e-05
3.926507536165193440e-05
1.379436316861302636e-05
2.145732374530408526e-05
9.655065388549703372e-05
2.656698396434515214e-05
5.075614809287159741e-05
3.813202097380498866e-05
5.525255499853683910e-05
3.119497098771282758e-05
2.652312277275421616e-05
9.454375891666623780e-05
6.580301984829864349e-05
6.900477265216103441e-05
3.240426943597903128e-05
8.438651084112599348e-05
3.317244320333292073e-05
5.587276774407662903e-05
9.037681876036776261e-05
5.164085283827062609e-05
5.350775314286051012e-05
2.259522625637587473e-05
9.287225019330620519e-05
4.598646748078410079e-05
5.781411533500234413e-05
4.621832054690607953e-05
7.770384476365031919e-05
3.197898686201072760e-05
1.647258247021941689e-05
8.096377778426836424e-05
1.865913894192254118e-05
3.993586878798402814e-05
8.711096678966285037e-05
8.699632065079120264e-05
5.291789922088515328e-05
3.395068272260684051e-05
1.270649183938184071e-05
7.218874551040528815e-05
5.875571336987653282e-05
3.417059897683879041e-05
1.816954931729771209e-05
1.879234165463857661e-05
2.091895594891454892e-05
4.251629001904406958e-05
7.009352263554076944e-05
2.851548785370643804e-05
2.740764808244283783e-05
4.576548461754721589e-05
4.934515945106274161e-05
1.625185309525537449e-05
7.462214797478524840e-05
4.856210067858141163e-05
7.027196495870187019e-05
9.272114635744648902e-05
9.653648470798160898e-05
9.690969659856972409e-05
9.432474926670186485e-05
6.607046672291561442e-05
1.579013389994238605e-05
3.453874143711435499e-05
5.455343044178433213e-05
5.497904807763104524e-05
5.988446163590758532e-05
2.460950071922847802e-05
8.470258724464091189e-05
3.685263095402590270e-05
9.672717637565240241e-05
6.068140239680997567e-05
7.124621951561736885e-05
7.163277113989207571e-05
4.251528538468677060e-05
8.758229783808172851e-05
8.397312512536092273e-05
3.404829302358744654e-05
1.608784738483961832e-05
4.190466090944735200e-05
3.649043919287871149e-05
9.502877070172649010e-05
4.120114073088410023e-05
2.037875074583681855e-05
3.375579288292753817e-05
7.849954974284874536e-05
4.552293399227224448e-05
5.425643125724143539e-05
9.609190388869118856e-05
9.655960305664217514e-05
6.309094513030485073e-05
2.225436550301208358e-05
3.924257380638080929e-05
2.428163805751139449e-05
7.539543808603774817e-05
7.986039871167493402e-05
3.139260424658499174e-05
8.550375387916852102e-05
9.250427436176302518e-05
3.197528614346022233e-05
5.785565262709248507e-05
8.687053831068556448e-05
1.095961824505040447e-05
4.879849308997898652e-05
5.483665500196842314e-05
6.242301938875329328e-05
4.458396636673504304e-05
4.057544830200911874e-05
6.365808314743230483e-05
4.687902413181612978e-05
9.184493565925558323e-05
3.780872821061344736e-05
6.012400534196301254e-05
6.010411426576329336e-05
7.787349381144827989e-05
1.404433490100733850e-05
6.018628491558797181e-05
2.578863691466202714e-05
9.329244355181132869e-05
8.445234138887503851e-05
8.783679593030026907e-05
4.835495118792796737e-05
5.579132403001833395e-05
2.525700660785257985e-05
6.435927657204663498e-05
7.510801239508986429e-05
6.659711693792223558e-05
1.312636922788944440e-05
3.704960476596869860e-05
6.129226210204141408e-05
4.145388418501660287e-05
6.339651052534354492e-05
5.870906049586073158e-05
3.544279829896252853e-05
4.339030348229608628e-05
9.109744542536941177e-05
4.230912431092984717e-05
9.530274142808436337e-05
5.289173153253882824e-05
6.118387007370877325e-05
5.926914781888333869e-05
8.494624416109717961e-05
3.273961011143534429e-05
1.873052952402791949e-05
1.727473797915212689e-05
4.594048725106306884e-05
5.718328975665056267e-05
4.552229460780476088e-05
8.538721260197858470e-05
2.167276162432473969e-05
8.623156370291307801e-05
4.388709711034459525e-05
4.633377550248016306e-05
1.484725961195495198e-05
6.275333785960429407e-05
3.157968732343831422e-05
7.907338201978686410e-05
1.008026162412093622e-04
2.599864108677405063e-05
8.715785720620622401e-05
8.415302497895270903e-05
9.630481537925106132e-05
3.650603616303360599e-05
3.593028212368624594e-05
6.819060857011556174e-05
8.468411321983878215e-05
5.711454141741464029e-05
6.949232358510236212e-05
6.311495162702183189e-05
8.846906425436071222e-05
9.666583230492083558e-05
7.463784843005961695e-05
3.118483846253807933e-05
4.366939391002749214e-05
9.187203328227209749e-05
2.215741745015284309e-05
9.599884264712507545e-05
5.851399452170066981e-05
4.656282600839158786e-05
8.673110521726883743e-05
9.369297488973391897e-05
2.822200189387208833e-05
9.422332409366384817e-05
9.190324710298723254e-05
1.666709572192946206e-05
6.492880271082997440e-05
1.429830816791087345e-05
3.852959804304720276e-05
4.194005001643047242e-05
1.612533523836711481e-05
8.767110706818763020e-05
4.262144552393315922e-05
3.896277371268065220e-05
1.883984311696799914e-05
9.026056321063079518e-05
9.194450297812324830e-05
5.122356483075211019e-05
9.322601037457498333e-05
1.678222233846845025e-05
8.042592132696203193e-05
4.313432161451390796e-05
7.338880257424769751e-05
5.342751957422221711e-05
6.104798561025507285e-05
8.501784649865628889e-05
9.756537005580051525e-05
5.450935905646803225e-05
3.744926087423269779e-05
3.795648128625190079e-05
9.572835361870104165e-05
2.061344067532433667e-05
7.936523198993536941e-05
4.439603006068468130e-05
9.468392728272871216e-05
2.697822171417153274e-05
9.546250312173443448e-05
4.905629387634866345e-05
8.942985900660860212e-05
5.289226773943140919e-05
5.264982566613557696e-05
6.294320502433023304e-05
5.932662976503561936e-05
7.340971537076974374e-05
3.717681602636595706e-05
5.528929894624454134e-05
7.824273162271633600e-05
4.307140395394116041e-05
9.320439179335658489e-05
3.329768352073197459e-05
1.011998452313344721e-04
4.381525486854690777e-05
9.177147290802083451e-05
8.217067896030359601e-05
6.064159317635003677e-05
9.120400894453109964e-05
7.307730460157712085e-05
5.713530557845186632e-05
3.510160338870364077e-05
7.883589942925167183e-05
3.536051393346222770e-05
9.051659677132971207e-05
1.609300857291306349e-05
8.824465405000208261e-05
5.652210629866343287e-05
7.624817439941172022e-05
9.325273430109767706e-05
1.033443265137297959e-04
7.502090027604617264e-05
2.884581790675932138e-05
7.079657267001658247e-05
9.494975271185774311e-05
7.270917434044884078e-05
8.939330454698737644e-05
5.864443903212492103e-05
8.890261170968111518e-05
9.863216718536022844e-05
8.051465423554603662e-05
7.162679639241358552e-05
3.879802315960405312e-05
9.451056154784750281e-05
4.546087049169558026e-05
2.009461970098027012e-05
9.480050061234611956e-05
3.179060586037248343e-05
8.962386779506901818e-05
9.608815502697693844e-05
4.271061458909837961e-05
1.848820352582982235e-05
2.392718589347276782e-05
6.557387280109051972e-05
2.307928079611645819e-05
6.268922216839355459e-05
8.893239352409572384e-05
6.086454416652272022e-05
9.384216745307388200e-05
9.795343932579476671e-05
9.293515529155873655e-05
6.509237734204036509e-05
5.466775415429086583e-05
9.293142383730082219e-05
3.533939910481616634e-05
9.151342299541007747e-05
7.724523864001325087e-05
2.128935980195832716e-05
5.468328267110465421e-05
1.315098473006646863e-05
9.103806369877127881e-05
4.332032538916615798e-05
9.549365324670265045e-05
9.709040597975174963e-05
9.664617260060842999e-05
5.954421865805919957e-05
6.059466015518737451e-05
5.303232937316586362e-05
6.516125721320289359e-05
9.737235332055334518e-05
4.443406471092116656e-05
8.204624281573361837e-05
4.747911470523623269e-05
4.851163536250457584e-05
5.770602131615461749e-05
5.471526813808205090e-05
6.488520237310335507e-05
8.181170432501816891e-05
4.324587210643965991e-05
5.864163550973567967e-05
4.483222022753542707e-05
3.030108610493593909e-05
2.862634819662789935e-05
8.305034144408275090e-05
3.694228718186016059e-05
1.477610205525901782e-05
8.157168956915112430e-05
2.763657079542077024e-05
9.549661439849787973e-05
3.985952618110556245e-05
7.485117501148425988e-05
7.935867316172049303e-05
1.005144504843501473e-04
1.564840582047575163e-05
2.946689022548670968e-05
9.297349126982942878e-05
6.535901504286949269e-05
6.999575926937303782e-05
9.489747413185149272e-05
9.385963857658448427e-05
1.627553967228112958e-05
2.536429152072332900e-05
4.509984176134530223e-05
9.537283843599013151e-05
2.897939981917709953e-05
8.358216313170035495e-05
1.395368182213569578e-05
2.437723569143145330e-05
1.645091903962930444e-05
8.528628520620276719e-05
1.484492015776475398e-05
2.831604290996161971e-05
9.560081790932440857e-05
5.284694580290797908e-05
8.389361586176935569e-05
2.122308585757352260e-05
5.846975503866722756e-05
3.675521264555598573e-05
8.194586960792404309e-05
4.134662608397934511e-05
5.973073056586210457e-05
2.699076243892856866e-05
9.737510878256461645e-05
6.417762903387900001e-05
8.242236820186368373e-05
6.484205486271452351e-05
9.383418802325284747e-05
2.880766104552910035e-05
6.621009593722499299e-05
2.651920667696490457e-05
8.544184422782361878e-05
5.607839777599872474e-05
8.317253267374892338e-05
7.330083771137512773e-05
5.023256649120879665e-05
6.350790679293772203e-05
3.867052036667495538e-05
2.288896501722068616e-05
8.795835249728048357e-05
1.083634118994611392e-05
6.677457858893152108e-05
9.702759572205251642e-05
8.427486978381077093e-05
8.857979358107069643e-05
8.729064704288045610e-05
8.590604926586939286e-05
9.056298998192920200e-05
6.430901819108334806e-05
8.287883288242208976e-05
3.104920612816623970e-05
2.935062720746591804e-05
1.172867053291327206e-05
6.326948714647827397e-05
2.311081365230449209e-05
9.157156487731069299e-05
6.415202895475798930e-05
3.938768406770189190e-05
3.856998423323930534e-05
5.491542081437680574e-05
6.334968675327103766e-05
6.341989752419859515e-05
6.723458144050319389e-05
9.999749406930030847e-05
4.803663013826296561e-05
8.730528635010067302e-05
2.725094375452429259e-05
6.029536595366372575e-05
7.732327793925859510e-05
4.394709404549928449e-05
1.810510776140945930e-05
7.398601298467540706e-05
1.378040369712789815e-05
9.290975972241291038e-05
2.732317549924610260e-05
4.856035309996146321e-05
2.371668833796509220e-05
5.974208676271773610e-05
5.796745172218267220e-05
7.920978219070479165e-05
5.479380976115690667e-05
1.839834595416251612e-05
4.791352999109205603e-05
4.757409717501849533e-05
7.939926680470165332e-05
9.228321722454742890e-05
8.785975086653195591e-05
8.134894001683723192e-05
1.106184794530285862e-05
1.820973844646502218e-05
2.896096127694599003e-05
5.152488828399423565e-05
1.434884956996066525e-05
2.972511887545519231e-05
4.962006027229047745e-05
4.801971009993352755e-05
6.039816264952624635e-05
1.453530243560099616e-05
9.641685310178701399e-05
1.445090413180342414e-05
5.679306406418730118e-05
8.958380582750339791e-05
5.842430168702771715e-05
3.712578910444028668e-05
1.203155847643454385e-05
6.509003477064007732e-05
2.674073740399958177e-05
9.514631338428077890e-05
5.026070665821617887e-05
3.376992069263510881e-05
5.534167379226959588e-05
1.058120470974299016e-04
2.426910672028289386e-05
3.761322329649070730e-05
1.671928001863208171e-05
6.020650594954460891e-05
4.315621977489918497e-05
6.158841661313240031e-05
9.831988902729937407e-05
9.337378642499278300e-05
7.752800331640576450e-05
4.741567855312193411e-05
9.514732482940480441e-05
7.946912954641475449e-05
2.623171490907830365e-05
2.782276340998816766e-05
2.930305556278185399e-05
4.391447964926247394e-05
9.123807240064874555e-05
3.714715575587557243e-05
7.142900216215445817e-05
4.855297464019433509e-05
9.711732138058826462e-05
8.239841019156579236e-05
8.484894709370378071e-05
9.440150089427642066e-05
4.656393700640072073e-05
4.338694251513677271e-05
9.813706023573946400e-05
9.492456674600887549e-05
1.674040318976835489e-05
5.152532536603364097e-05
9.240476274443672124e-05
4.599283993399793974e-05
7.648523612614143666e-05
6.516694249527531192e-05
4.386341461142189248e-05
6.548761038343581676e-05
6.015622187748692173e-05
4.911705123127921258e-05
1.610824037147978255e-05
4.293917132978278224e-05
8.753627918451606480e-05
3.590198744400810535e-05
4.573728606628217299e-05
4.347185908712755128e-05
3.005150365020394740e-05
9.945288503027918843e-05
3.155782424313148028e-05
4.721678566200489908e-05
5.355615556413496534e-05
9.580174729635718709e-05
3.073594506201389909e-05
2.117397883837129069e-05
1.950157390466395352e-05
9.095422582986741706e-05
9.574446141053836816e-05
3.933109137826849090e-05
3.531285032542109525e-05
8.303371559513313322e-05
8.683542262739127207e-05
8.778869059737792909e-05
2.284784317288653891e-05
8.300317249541395341e-05
2.020925871293998967e-05
6.361061542924227217e-05
2.700058026321940733e-05
3.410487563063290651e-05
6.348052030308106472e-05
1.492181505387487268e-05
1.656323233657429645e-05
1.894780190859650921e-05
5.961794093167074936e-05
4.472392149769754353e-05
8.605546537938929671e-05
5.243598470399916939e-05
8.809054749433653400e-05
4.891779517912344050e-05
8.965455542877227651e-05
7.976404506603033864e-05
5.909504295711553518e-05
9.650216635195852657e-05
5.241083611609886385e-05
9.699411288421422393e-05
6.523811575948417992e-05
5.029372720650817394e-05
9.457098577565055885e-05
3.158804522719073620e-05
7.003027257402443266e-05
8.912027700983187557e-05
3.848175365897538977e-05
9.761410143102535342e-05
2.260980664570686106e-05
4.998463945079498249e-05
3.014472236301648104e-05
2.878639134042369492e-05
4.402187600147310597e-05
4.437985745069782269e-05
4.662898810836844400e-05
5.940820187685739160e-05
6.610412710992343314e-05
4.781930466188392080e-05
3.915147878686492334e-05
6.058638431176601022e-05
3.128212534805112176e-05
4.283892380679741555e-05
6.954327901672970502e-05
9.236198193536578733e-05
1.347249560293289170e-05
9.538854004473053532e-05
6.558459124418044650e-05
1.199696006844162695e-05
7.680848822563303164e-05
6.040138276675784406e-05
4.719079640363136344e-05
6.635008125120198780e-05
6.740082343703842943e-05
2.669706229117927988e-05
2.585215064245914511e-05
3.516596986633599154e-05
5.090076426930070905e-05
9.404927362309487850e-05
7.119934561640937334e-05
9.348390677618930464e-05
8.882617648648123807e-05
4.047197319849177733e-05
3.873568645394381903e-05
7.125109500245571713e-05
6.812491233018088494e-05
6.502428293067264397e-05
5.945461103402698895e-05
3.499822790454394357e-05
7.210557585674725765e-05
8.824566042907281836e-05
2.961731968781321358e-05
4.089279381476546775e-05
9.642540729415594774e-05
5.668757058927449959e-05
4.801185690315588650e-05
8.629271024335739252e-05
6.586140415027956594e-05
3.746056014859997288e-05
7.928835190950634065e-05
4.148598626138637552e-05
9.354306250358925435e-05
1.413746126055910298e-05
6.074949491604163146e-05
9.540771628384085083e-05
1.213530834835355398e-05
8.167584317430088051e-05
1.026785612299610932e-05
2.843026269439013652e-05
1.464713181881604925e-05
4.804126328829839965e-05
3.371117242442634300e-05
5.927533728424804762e-05
5.474034798667947821e-05
7.969104027501455832e-05
7.062204010868129841e-05
9.404907123719503719e-05
9.369290968928862932e-05
5.323198699305428140e-05
3.985941641136501724e-05
7.473530299896975456e-05
9.543808113807542850e-05
2.821743163727801116e-05
4.264858565804955195e-05
9.169126929657708987e-05
4.977934593890672420e-05
3.262204618646106206e-05
9.390125397339848558e-05
3.560309356452215563e-05
3.166572561841918081e-05
7.451535583166831681e-05
5.724400065658568953e-05
5.649142283384508414e-05
4.523184042814119789e-05
4.666489327845607280e-05
2.720175689767583487e-05
6.163471516886062825e-05
8.482480406436578870e-05
7.224784884995568627e-05
8.141408248083218562e-05
3.341639932885243536e-05
6.912369268131849482e-05
2.184285886703397924e-05
7.050709069766886552e-05
8.984822471512236212e-05
2.789919442863996151e-05
2.151238924588096330e-05
4.832488816305495629e-05
6.725654144420427187e-05
7.998593556637097061e-05
7.555248671957945968e-05
5.545269214508017247e-05
3.690110170930477427e-05
7.819460170081869027e-05
1.486085495746471475e-05
9.528456625476854319e-05
7.489963951601351193e-05
4.396937614895023611e-05
5.473528314078326355e-05
7.073063915062129949e-05
4.223860967819208472e-05
5.915120643837364176e-05
9.821793571827913086e-05
3.265299487601977421e-05
6.662392623894520464e-05
5.739393120409272853e-05
9.674801368834330824e-05
7.512639135483609621e-05
8.642095252673649827e-05
1.389431722929777340e-05
6.893754660506979444e-05
5.277590079417602187e-05
6.190110174183736957e-05
4.169942127241995825e-05
3.551885586286963761e-05
4.767060154791114950e-05
9.486292920169491828e-05
9.876745125690780192e-05
9.373471443189952199e-06
2.514572387944547451e-05
9.221580005655313620e-05
1.785952224309701679e-05
2.462387615796144725e-05
7.479969688313886894e-05
6.869464134081601546e-05
3.517861399147492567e-05
1.204817933018571143e-05
4.772090722178375089e-05
3.875342506394630754e-05
1.430346229125025847e-05
8.523436639817380891e-05
8.641718986767743039e-05
6.967158176413864408e-05
6.550238486020400577e-05
8.278862267491723709e-05
3.154532316527864613e-05
5.815070242023764728e-05
1.309503829166140237e-05
3.403188644051457861e-05
6.271767505892949417e-05
6.714007774563852428e-05
9.627320389955201893e-05
1.945494965886002410e-05
8.506041125204503442e-05
3.191315810543570320e-05
3.309749739459962731e-05
7.956666057025064292e-05
9.743605618720935181e-05
5.224954237173862009e-05
7.717447328611818584e-05
6.445741899142519665e-05
4.972568099754178027e-05
1.524622034970882242e-05
1.387496717197157279e-05
4.412945302631567687e-05
7.539292207861924134e-05
9.118477479461452036e-05
7.201661499835443044e-05
2.906540956999468676e-05
4.760288961005212363e-05
7.945018100270371739e-05
7.163268894517511420e-05
2.757781508227169674e-05
1.679866653378566142e-05
2.812230577627489170e-05
4.256298585270063228e-05
9.110388425096879110e-05
5.453496516664079960e-05
7.978780968134195249e-05
3.782943179852776697e-05
5.445406728888738395e-05
1.598395001246219721e-05
6.827833475717888533e-05
7.768873250747636609e-05
9.529812302366053500e-05
4.040600598951668196e-05
2.109520433107208229e-05
4.865332860318341080e-05
9.332329407278462468e-05
6.889203893157302993e-05
3.490209688912223278e-05
9.490237217679642812e-05
9.322105316238807348e-05
8.833374229944044394e-05
5.072441885697302896e-05
6.954829239553036036e-05
8.197081241792868276e-05
9.422400727302977818e-05
9.456708125647715082e-05
3.067934676210833502e-05
5.357607029485029343e-05
7.925480565454205966e-05
7.996734533401751450e-05
6.854627250878121030e-05
3.252717097778132617e-05
5.613301462031199986e-05
5.926944750649569782e-05
2.062878609192952910e-05
1.590434725746206593e-05
7.370028690599935404e-05
8.849463313031059961e-05
7.421559748665408575e-05
5.247055803676349030e-05
4.924810458565359383e-05
4.160579940159092203e-05
1.525606805978492743e-05
3.390293681662994856e-05
8.242240550471692712e-05
3.715088184706604086e-05
3.493576346415973408e-05
9.240689068348938824e-05
9.948045615720135662e-05
5.729067851359164116e-05
6.851362246305699579e-05
7.241214877517568858e-05
3.718977978078465406e-05
4.745886063886631766e-05
8.239163951350523944e-05
9.074044662944069509e-05
1.195505893919559550e-05
4.035392909445620081e-05
5.609202863515618095e-05
5.408027926512563622e-05
7.012762980989198423e-05
8.842574393865301177e-05
4.871123798829754802e-05
2.854931449783550308e-05
9.490874678454395963e-05
9.479262719264624441e-05
9.053324355862556075e-05
4.476754181917165520e-05
6.196990408851408443e-05
8.398566024764929469e-05
4.755378181576713835e-05
2.827487916375132163e-05
7.898019387220510694e-05
4.586349996056424550e-05
3.305198061993912468e-05
4.443208195816120241e-05
1.915354965919193207e-05
6.939818888392457576e-05
2.923460460654608086e-05
3.569832041625986590e-05
6.514297303741903810e-05
9.689917644753050468e-05
6.868735576781863535e-05
7.889711904788727112e-05
7.432803076516944832e-05
6.330775661769405733e-05
8.453602409786318216e-05
6.117184312834607134e-05
6.785448552577788507e-05
5.197000608689594645e-05
7.151223400666002609e-05
2.422243572907818777e-05
4.820566157464007198e-05
8.657124740166253303e-05
3.583920738900288274e-05
1.996208808888181704e-05
7.170555870286742309e-05
6.059513035463269894e-05
1.866800410407767492e-05
1.486388506921724452e-05
5.267581496219769452e-05
4.186528067860617071e-05
5.088460567478945236e-05
5.769214088704322500e-05
2.690191297280864280e-05
6.787320061601813392e-05
9.317150848959918812e-05
9.566329018184718802e-05
1.899670713586329503e-05
5.091623725214957893e-05
9.692748438146735201e-05
8.672017800068706236e-05
7.021871376254663660e-05
8.970449540464381496e-05
2.520571208284562044e-05
5.267139045180542712e-05
9.533704062026218467e-05
7.104268410093407863e-05
7.244983019328165728e-05
5.780205755679003595e-05
1.750151664784961470e-05
3.397408347566664287e-05
8.950337286464212969e-05
3.760746998431996997e-05
4.246884160800033206e-05
9.614097605088637937e-05
6.606254483510898680e-05
3.075974157609609130e-05
3.598968274675782875e-05
5.132372003075890299e-05
1.638657504885216264e-05
1.724531866915904880e-05
7.942836867566750855e-05
5.102700521465274985e-05
7.081368906969424959e-05
2.959835052969305742e-05
5.957868412968071259e-05
3.430446924140184055e-05
1.407251252604972619e-05
5.116871015459817422e-05
6.189138182374003222e-05
9.017445182494835342e-05
9.306834545818144040e-05
8.285030647250314520e-05
8.904803386226999473e-05
2.279550251507461727e-05
1.766265135109413556e-05
5.365234927928464728e-05
6.159445597849060885e-05
8.277172489187589266e-05
5.348859040516328300e-05
3.955709853320045282e-05
4.212786077058089612e-05
4.384039095180844328e-05
6.265313247588979377e-05
8.557223150238829059e-05
1.719147407161798606e-05
9.072176402522564155e-05
3.057981210133299874e-05
2.085325308888428034e-05
4.956559198118562628e-05
3.086334904885155506e-05
2.547397575861933515e-05
5.394201309393367207e-05
3.930098876201823153e-05
7.504558116382649218e-05
3.279827582194239376e-05
1.986345414624152378e-05
7.102447149789942887e-05
6.965655072234446248e-05
9.275317768675132380e-05
8.627179834298440023e-05
5.458553450001157263e-05
9.275934723435887153e-05
8.106074651398765662e-05
9.697899665507120879e-05
9.151772646787077531e-05
7.465417817822683235e-05
9.901530555624637466e-05
2.829396924843240090e-05
3.241571251215945564e-05
7.165597399818481711e-05
2.980675693262019229e-05
9.571415861659857344e-05
9.309244821475060223e-05
3.036210078994461243e-05
6.088449638369005371e-05
7.188397819454610520e-05
6.670037702984256281e-05
3.469607897298528407e-05
5.261317803353999698e-05
9.590185695255728463e-05
1.838579449476983684e-05
4.134782148649670874e-05
5.830917267344177526e-05
6.415364465822310527e-05
3.675396431737815194e-05
5.354480059034789593e-05
3.987987733840039049e-05
6.189227212854140400e-05
9.540119698597037214e-05
9.626756440445949391e-05
7.523678029459710665e-05
6.042594844660196857e-05
9.072707743395634226e-05
1.232811999232072422e-05
7.296827165225705492e-05
7.726810565197030588e-05
6.785046876544320615e-05
7.395978535775895647e-05
4.051675291593650265e-05
9.665918356766138077e-05
9.077786387292691639e-05
9.065589143769351062e-05
7.116255680694279142e-05
2.358617861827675251e-05
6.392988913880882104e-05
7.831425771813057787e-05
3.041364756564262031e-05
7.515961815352949259e-05
4.176654729924786597e-05
4.352787840096971044e-05
2.667670924658279317e-05
9.317011366156513572e-05
2.992151429721967316e-05
6.716530438458819777e-05
1.907124778315409631e-05
6.182413610488223009e-05
4.021034772581391186e-05
1.555578257079701934e-05
7.705962429833551630e-05
1.721777804015673719e-05
6.907837620974441957e-05
1.507510094316900046e-05
9.510166471683643389e-05
9.892290838980579868e-05
9.040482734089593062e-05
6.210509990531893774e-05
2.226648642332605660e-05
8.851635539538373998e-05
1.662766156701254888e-05
8.467233549925221850e-05
9.436509369295151793e-05
3.327801924421773283e-05
4.322788347110356397e-05
4.710241732142804926e-05
4.469733578729894938e-05
2.504465590692623141e-05
8.759005567107450076e-05
5.696596919125082202e-05
8.710374736959646306e-05
2.363637759114239651e-05
9.076044089158636057e-05
4.236696303335885598e-05
4.729921219523692242e-05
2.817294676832414374e-05
2.540198537030865302e-05
2.104842034510506294e-05
3.710287067814442151e-05
7.814865079372440961e-05
3.327708683988650517e-05
5.848536386958370827e-05
4.967518076055028734e-05
4.423788269825943955e-05
3.914390005231991367e-05
2.328565279183856097e-05
8.512728772745226970e-05
3.424091967842260746e-05
7.974687842321873164e-05
6.733726867000469673e-05
8.368576777612541436e-05
1.326370226415327094e-05
2.202586457457727151e-05
9.004980187275280022e-05
7.107623127523940605e-05
5.134128098502410909e-05
2.720269575900942832e-05
3.644283525424306337e-05
7.769423442172211083e-05
1.242928924692539271e-05
4.648553304015824299e-05
5.861621646667590588e-05
7.700543718772159753e-05
2.523281681716518028e-05
9.604200160613036237e-05
7.178604568914527734e-05
8.161529358779017070e-05
2.326131655321595843e-05
4.992981113304208369e-05
3.457502972973562090e-05
7.090197311022601622e-05
3.485103311258691376e-05
3.691607937884291892e-05
4.793032050585925580e-05
9.223416654602141116e-05
1.314026652892128462e-05
8.968170919049467090e-05
7.613405663371185304e-05
1.346332082580708260e-05
1.562175698800103541e-05
9.412707728894774536e-05
3.142438404496092873e-05
6.131190808689431838e-05
6.588864200324626348e-05
9.658410418384981585e-05
8.588359753736944224e-05
7.494011123180307609e-05
5.758358209153887719e-05
9.898802167391024709e-05
1.672083525684418104e-05
9.536064874162894760e-05
5.568107684199587160e-05
7.499676672635766789e-05
5.408832952235289373e-05
9.532572245057768681e-05
5.757145426216794928e-05
6.361143276746370867e-05
7.684303945639783459e-05
6.098500698064159616e-05
9.153421493498333959e-05
3.592478280774994044e-05
7.065317093851009424e-05
7.144944790163143327e-05
9.508373258279540852e-05
3.542652121025167131e-05
7.310091609765301951e-05
5.195485587935114695e-05
5.716768592947794761e-05
6.314083935937514459e-05
7.730928702035609200e-05
8.314962891330592736e-05
6.016203385804298092e-05
2.876717990106438666e-05
9.513785802842937447e-05
7.549951354132256130e-05
7.647239729962505221e-05
8.882544424985117061e-05
8.772847484369712917e-05
4.733034664540136438e-05
9.361447580303857222e-05
4.219849378935797255e-05
2.646808033101756896e-05
5.270076399898842261e-05
7.144202460399352319e-05
2.581235663071164573e-05
8.181306666019954742e-05
4.698392947257311374e-05
8.878964737798492534e-05
8.694291540323019550e-05
1.827921989231986335e-05
2.750523224803399458e-05
1.869437333510504950e-05
6.689113068759748332e-05
3.141901090434900295e-05
8.302117295456125303e-05
2.064846228648721372e-05
3.100810555338558356e-05
3.912133921983974530e-05
9.620518500549978902e-05
3.417307471344020037e-05
9.613080606216885152e-05
3.645412464414958233e-05
9.313140746680317753e-05
2.561052027868345810e-05
7.308494469086795192e-05
2.039952151403168581e-05
5.612577845232742896e-05
1.313023635106448073e-05
7.727323252574845613e-05
8.364098447445221431e-05
2.588622428200072951e-05
8.945624733340491524e-05
9.502138113849460926e-05
9.471907738535142172e-05
7.425660099194737220e-05
2.029142800701204722e-05
1.835943995270051659e-05
4.943978293639132292e-05
6.087314774833148462e-05
8.371129202103101230e-05
3.651106071482395948e-05
7.191606457265808678e-05
2.563841672301453236e-05
8.660785648045203709e-05
8.019249637454604722e-05
5.445837843174642875e-05
8.826449945578237664e-05
5.781028905375261022e-05
4.566971757009330999e-05
6.663089573718531582e-05
4.653701334674392200e-05
9.018776945319351222e-05
5.766928438330422464e-05
2.263735808699022565e-05
8.971315047552142017e-05
9.747772247597047662e-05
5.560481454695163559e-05
2.024014508622946784e-05
8.792812036380339932e-05
4.446408834131652097e-05
9.393864801178466106e-05
2.998579533610770800e-05
8.264576037150499622e-05
9.504521246963737913e-05
7.416361418115462558e-05
6.859650990513998093e-05
4.929794040978348492e-05
3.488665284158366710e-05
9.252515576404246492e-05
8.050932359091710750e-05
4.171829948470052362e-05
4.687416707392945810e-05
5.535852365702808003e-05
3.348816600233052237e-05
2.158989679394254891e-05
4.245642117077928399e-05
9.566809709202303991e-05
5.412228069638260185e-05
5.397680656971146453e-05
8.832079532144453398e-05
5.615172403178116957e-05
3.397811094198706843e-05
5.412337640755223215e-05
8.358066652554109531e-05
6.369811599573933921e-05
5.876111691060169183e-05
7.791832380496775147e-05
8.996175963698813376e-05
8.356867120014160584e-05
1.348147029239912852e-05
4.355242689749710798e-05
9.701607836294197037e-05
4.616591851526630371e-05
1.577942474134027000e-05
9.273181538631421715e-05
7.634418404589782487e-05
6.453649837356387350e-05
9.805739809987175262e-05
3.810290757504618524e-05
5.890938163152044713e-05
8.690839086328237535e-05
7.356614829727083245e-05
7.943766398690334761e-05
7.678308599222714642e-05
2.554152574039326887e-05
7.180864040692325233e-05
7.637392565776260757e-05
2.853556353504768412e-05
1.303000084324725438e-05
4.757097115684419950e-05
7.610023455972267153e-05
9.800961681659313917e-05
8.585134165266164864e-05
8.301682782054185794e-05
9.532909765088190936e-05
5.670506056348913995e-05
9.018380976321217280e-05
8.405612214868097730e-05
7.789232689444278135e-05
6.289453398489748927e-05
8.273052568530266354e-05
8.833200945882762234e-05
3.503070677119999801e-05
4.775712855635613622e-05
3.497212971593866373e-05
7.388054465602422467e-05
4.333158157690450283e-05
1.460205065151777700e-05
4.565484377288199540e-05
9.375967155180699641e-05
6.755732633074374902e-05
9.318065792063068070e-05
2.858235708861979043e-05
9.481854294369367921e-05
9.704521885437521829e-05
3.007938069875492110e-05
4.054098119082479837e-05
7.008860283294787751e-05
6.066258461431534141e-05
9.398233333756919920e-05
5.698861814946118724e-05
5.763822701647189773e-05
7.432441458128857196e-05
2.286743450442984171e-05
4.988968643490708076e-05
9.394723148716853183e-05
9.580245232459034209e-05
5.241314889966344038e-05
5.305278281514630261e-05
4.055206722107674167e-05
3.319574143789198154e-05
7.426548045709843076e-05
1.679269930461533829e-05
5.039198592877400544e-05
4.249810572298580485e-05
9.511733218421695958e-05
5.882639577829590788e-05
6.679062718962363047e-05
2.859520443761547377e-05
9.273012707879863036e-05
9.034721724623419326e-05
5.515725594297068882e-05
4.306309508566892998e-05
9.598611080704019154e-05
6.120082421388435480e-05
8.011654269626758038e-05
6.774479863802223135e-05
9.612140222074151902e-05
3.298184525764728993e-05
7.592068290069021151e-05
2.448963631164540546e-05
9.071164020318315657e-05
6.766692718641027587e-05
2.217228819702219284e-05
7.118578681471576081e-05
4.019882597358840465e-05
6.991345554408007125e-05
8.469233157292864066e-05
7.202026609818540218e-05
3.709822503632552806e-05
8.159448949137429160e-05
3.948495074139512698e-05
9.822912387839222864e-05
2.903773589812619883e-05
8.555476152201761946e-05
9.601142291281079561e-05
8.000521776486483314e-05
1.489837848276558737e-05
5.741351755738263290e-05
8.885393884754045257e-05
3.200833058603002267e-05
5.688882087276078486e-05
3.283447832171890743e-05
3.728454092548781000e-05
2.571584785328552821e-05
6.760772537090179043e-05
3.745968076829641192e-05
8.094656633551432657e-05
4.523306546839409850e-05
7.839684963415030671e-05
8.240793708815913029e-05
3.338827997404335171e-05
8.488766015990855253e-05
2.753409400934261225e-05
8.239600678386475874e-05
3.000070391584371224e-05
3.908539037349064967e-05
9.866086972923246131e-05
8.963514140543567840e-05
3.126144288122466558e-05
7.349867470119308824e-05
5.571312950261774274e-05
2.950464043733429299e-05
9.363726618280336330e-05
5.431185350533775124e-05
9.498838685071439147e-05
2.993407338294903821e-05
5.234806467090481524e-05
3.948901227264690244e-05
9.587942714450824850e-05
7.630950021307323695e-05
3.965537578658010902e-05
8.572903217709236263e-05
3.635403161775618125e-05
7.228665417862028294e-05
4.974215844033311136e-05
5.766276146553802164e-05
2.063473641951034588e-05
3.189537512974836917e-05
4.532250464638955413e-05
3.508185558658576304e-05
7.865437710976867411e-05
1.780549430288425825e-05
3.306474925989744628e-05
4.672616649975509058e-05
6.049393534129640442e-05
5.957201342599893789e-05
8.733587854877102171e-05
9.436500698794132161e-05
6.811648410049228738e-05
4.418987921927414083e-05
6.786756431197772709e-05
3.711208472993676418e-05
4.159883410771555892e-05
5.245788874096466792e-05
5.051903639782516519e-05
8.860574455710308812e-05
8.456813109574034995e-05
7.454664252511212304e-05
5.605987656355232717e-05
1.722714631731724684e-05
7.306856577743087232e-05
2.034203561541071562e-05
4.484251165589553758e-05
3.611555543716029790e-05
4.143368575759484850e-05
6.808379501453564093e-05
7.555815704032292223e-05
8.320780088476058733e-05
7.441021541032800349e-05
9.226786818773827009e-05
4.424604270529522210e-05
8.606666960678433951e-05
5.432886451968419231e-05
3.246615009957749229e-05
3.277019539524278464e-05
4.575109222010986771e-05
3.007610434285958322e-05
3.474986680028266232e-05
3.137581535863721225e-05
4.911184554884509757e-05
7.147803110886695650e-05
2.839848325037048045e-05
3.132826985147845204e-05
4.351050381492206826e-05
5.303086396345093722e-05
2.777920428358716357e-05
6.963697119199816930e-05
8.555414766163007612e-05
6.235374515304066144e-05
5.329313906787657839e-05
2.657901798167735941e-05
7.990616791191777215e-05
8.855094938870545259e-05
2.427431707479762947e-05
2.372044344035498554e-05
1.181127001281516752e-05
8.162387828391143340e-05
9.710189988162867651e-05
3.043686826158964492e-05
6.632202003637924616e-05
1.513065131394453716e-05
7.368870049074085528e-05
4.334139048440816526e-05
2.476029848666921250e-05
2.428820025694724362e-05
8.517184158052144578e-05
7.101834960820321699e-05
7.597123794005361411e-05
5.184217646917573463e-05
2.492200880998654994e-05
8.214366232035776787e-05
1.566535232794179173e-05
5.272866494894124672e-05
8.599675844574244347e-05
9.597764224714241032e-05
2.631156708046462702e-05
2.635139675624385857e-05
2.963666452525011305e-05
9.350288580123698051e-05
8.394890814583301920e-05
1.164703408905689344e-05
5.837463398260063691e-05
7.115651104656901653e-05
3.166505239720205831e-05
9.413457870239472409e-05
3.884203414310874209e-05
7.962998408418727326e-05
5.446847076844484411e-05
6.369139989259397063e-05
6.496129758394356113e-05
2.515788121486629868e-05
4.754924252091679589e-05
1.812183227662669729e-05
1.690269429885283114e-05
3.915696754570026583e-05
4.666525172184328137e-05
7.202476179888941932e-05
2.060451825117057641e-05
7.734705931509275778e-05
8.024621265253992230e-05
3.599713954398700306e-05
3.379196685928995922e-05
7.697220520468795292e-05
8.250928804355927930e-05
6.359841010687164941e-05
9.098645877189407631e-05
2.559244168281564886e-05
9.689500968920097942e-05
5.874365353495661010e-05
1.235240627980778494e-05
8.075272015809200287e-05
1.200393770198267154e-05
5.527341258840655250e-05
6.189427617605064371e-05
3.021373542633993005e-05
3.983754505146831965e-05
5.655892844250756364e-05
8.756927168864140731e-05
8.270365881335747609e-05
5.327994283034588266e-05
3.093544268006669719e-05
7.639825674216654447e-05
2.237803017043384080e-05
8.427915332066836013e-05
5.029701307047629077e-05
6.276823392797092655e-05
4.864280442840497739e-05
6.751998846283843779e-05
6.124307158285498265e-05
9.248910989952826797e-05
9.740933443004878725e-05
2.775542341310025012e-05
4.672524344793815680e-05
5.624262228949816452e-05
5.796276839219711112e-05
8.602582505679560619e-05
6.848330436668856531e-05
7.256501196896105376e-05
9.448514420546600995e-05
4.371986570925358436e-05
2.531905683929294232e-05
1.374504636499960450e-05
2.580578556836650572e-05
1.946373372651538338e-05
6.425069612359341018e-05
3.633728125727761450e-05
5.830873944808711011e-05
2.023139564525448697e-05
8.019273630811863676e-05
4.012233599403112029e-05
8.259179218359484096e-05
6.282164235599708871e-05
4.355801287644237658e-05
5.272037285299299735e-05
1.619160983159096122e-05
1.929477668813857336e-05
7.927410458548111776e-05
4.183655446097365907e-05
5.442107399035691137e-05
8.957623017998723720e-05
2.696077007442825217e-05
8.053581958105410633e-05
7.006525128957556106e-05
2.223454832740949974e-05
8.442885055037462343e-05
9.487362013829275234e-05
2.060910660828049751e-05
7.326923445441979252e-05
8.335722493115201395e-05
9.589262260565730648e-05
7.684620809397098523e-05
8.915521159828721420e-05
2.127395344483764617e-05
3.426144960659768937e-05
2.766822456201954996e-05
8.471736634789651292e-05
4.394494747661674064e-05
1.109437647745011176e-05
9.504221039336675282e-05
4.247675831600045869e-05
6.856149423710493308e-05
9.560723800162915502e-05
9.163618386128802599e-05
5.417433503603691824e-05
4.174600260618260687e-05
8.525565290307849460e-05
6.842790909847266284e-05
4.796231286293998141e-05
7.913724992487181163e-05
9.353014497988406252e-05
2.606592210256371365e-05
7.474145473746989627e-05
5.905357840905505270e-05
7.005734693524897239e-05
1.328017983744123719e-05
1.518405544626438140e-05
8.902014590500349062e-05
2.451358649861212123e-05
4.171949562989252648e-05
9.544750269082713859e-05
4.671748314746811901e-05
8.279911510725955763e-05
5.637573219381272288e-05
5.146315928740873480e-05
7.561143361198420065e-05
7.683087613342383458e-05
1.021347954716068332e-04
4.989679001121180145e-05
6.440661268109699783e-05
3.335143137222369421e-05
3.512186927650347203e-05
7.294598755220871040e-05
8.827417106197890163e-05
5.938049799729603327e-05
7.008609390043955422e-05
3.716201140992517036e-05
6.524638996247899365e-05
4.581799488912660634e-05
5.803094735870988345e-05
7.373231179436435276e-05
3.286658963196137975e-05
2.581701335933747081e-05
6.935280644368998040e-05
9.165715054886998110e-05
5.876226601025883459e-05
6.262035649504062076e-05
5.008864847688397230e-05
5.905633450006548928e-05
3.133836274017813572e-05
3.696529975405049557e-05
3.966980428565229525e-05
2.675806887101115874e-05
6.524501931992199440e-05
8.456864579383513631e-05
2.434043141874055600e-05
3.664846551562515799e-05
6.010546728790332627e-05
2.662516452441166236e-05
8.942351298402411580e-05
6.876326942750562066e-05
3.058208697207617408e-05
8.641543724061917747e-05
9.581474536388805694e-05
1.182769532036706620e-05
2.801042057948729779e-05
7.807970750511739467e-05
6.298352852675311443e-05
5.732826138127210600e-05
7.269183638337724175e-05
7.933000922870470204e-05
1.607042370747755806e-05
2.722749548007780961e-05
6.134178139529655196e-05
1.767779071407560315e-05
7.032486094552686546e-05
2.079321655808409974e-05
9.342226410717962214e-05
2.712503250007790762e-05
2.638220121147629240e-05
3.352141711928275795e-05
9.040236048207063229e-05
7.285640278905256765e-05
5.790556422522413440e-05
8.480035419940899408e-05
8.062239923861036679e-05
7.455406709241577503e-05
5.643998886180749447e-05
6.778718750676023387e-05
8.257300347789929421e-05
7.757202287899495844e-05
7.024478275012845411e-05
9.106183751312131494e-05
7.492998238466589799e-05
7.568446544113055876e-05
9.291703235441469821e-05
9.612405655483472540e-05
8.179481311926549208e-05
6.497408966580140019e-05
2.441282951081963817e-05
7.511418201699931834e-05
4.665831183368199724e-05
4.636289551278632208e-05
6.387808654272628724e-05
6.615011670985150864e-05
7.526881356511089445e-05
9.371350212897685509e-05
3.770128072679210365e-05
9.643642035537370151e-05
8.168315075188768183e-05
8.258416116979270215e-05
9.091614028489922476e-05
4.646106335242832571e-05
5.031594404236498731e-05
4.160250607973559891e-05
6.003160162835424025e-05
7.653829416376599609e-05
5.100750823024867230e-05
8.779227447190492335e-05
3.821372954944740542e-05
4.856133548498833239e-05
4.997992305964456554e-05
9.449966747733791841e-05
7.601349196487362976e-05
6.000213781214929859e-05
8.021637208241463543e-05
3.752559213678091670e-05
2.218020355508798483e-05
7.703731958205861240e-05
1.895514296157879740e-05
5.390100761105633451e-05
8.879785190228735769e-05
5.449832418896423999e-05
2.801174243396709130e-05
1.750907902750671125e-05
1.492375555488046500e-05
5.181898871163407357e-05
1.947992078660097946e-05
6.814988966570451078e-05
2.469382847435836986e-05
9.557614861747487471e-05
3.802899029891057883e-05
8.479710545454945212e-05
4.435071683870573842e-05
7.006358751985872842e-05
5.049114774625726708e-05
7.383541755845974652e-05
9.317263263926198983e-05
4.417691765988698100e-05
1.548373415878852511e-05
8.148447504029943610e-05
6.625094555180725982e-05
5.760454451962580645e-05
7.741514226291526437e-05
9.268806042038724429e-05
8.001107850225027676e-05
4.592293844186311680e-05
9.506890596573964861e-05
8.826949202441614203e-05
6.119057677653891238e-05
4.954181360490528209e-05
9.547591165841659436e-05
7.926717769606489222e-05
6.175074486522159596e-05
4.477213163453887864e-05
6.606484598404972308e-05
7.027255722293026705e-05
6.200710796841258949e-05
1.433939887644667270e-05
5.856321503197516477e-05
9.046721105975510837e-05
4.599365610798558711e-05
8.602893278284682319e-05
3.714026805638039671e-05
9.281644180163797157e-05
7.576083021892445759e-05
9.374418829474730956e-05
5.463345210508147764e-05
5.879009209182629587e-05
8.478293723243889067e-05
4.662930584684579831e-05
1.836860564279958101e-05
6.145956665211003631e-05
2.948863827892774436e-05
7.256563552789278382e-05
4.613273126605816254e-05
5.613228871594212873e-05
7.307105310177480046e-05
7.332143431472349282e-05
5.181865809085036616e-05
8.000526797202215312e-05
5.540767272063660192e-05
8.311510732503005444e-05
8.069794675892171150e-05
9.511101119590813756e-05
3.931588400190451328e-05
6.859479934894501419e-05
3.067911306181158351e-05
8.015061604903843894e-05
7.957316379633900573e-05
6.508681099916733789e-05
9.039498858069838359e-05
9.455041144605583604e-05
8.196456014168572370e-05
3.275546123394911262e-05
7.123064109004012491e-05
7.690996210744620721e-05
7.953211528720364922e-05
6.954942254297879069e-05
4.515621378382298005e-05
6.997235176194053954e-05
8.845824009304567711e-05
8.301640407438733247e-05
6.979981183941097770e-05
1.509693734380606776e-05
9.308851050384358509e-05
2.815181597537740358e-05
2.679829873916556986e-05
1.715091254056624041e-05
4.025059798407872659e-05
2.892644809542400713e-05
2.945268054697617967e-05
3.731577910042121956e-05
9.853677219502692203e-05
4.879762859859486184e-05
7.084366630118433758e-05
8.032429896267368049e-05
9.168208282657019492e-05
8.976249782301966317e-05
9.597179051808701867e-05
7.339312726377103448e-05
7.370763667353482003e-05
4.193957454753559843e-05
5.117878956513488879e-05
7.689332358326320875e-05
7.914069868156257471e-05
8.533473071684700897e-05
7.822142640451984279e-05
4.229106168346700133e-05
7.764084698757413403e-05
7.031781411991876185e-05
4.199845030620707694e-05
4.579594021620559600e-05
6.592006771305099243e-05
8.898505858641859675e-05
2.670717780804195168e-05
3.248603871802696738e-05
2.111679934088165174e-05
1.774723914645776838e-05
1.870973810487602004e-05
4.719478788433306829e-05
2.425013849396633574e-05
4.624029715986607473e-05
6.776136606707677465e-05
2.862287672667223972e-05
3.444065289605682134e-05
3.156837305951992810e-05
9.247781468556471240e-05
6.018285078068934165e-05
7.326530665287594101e-05
3.281292874068850499e-05
6.839955131151057022e-05
8.639658223042849256e-05
7.841773801204812580e-05
3.944071780995806088e-05
8.445105316290708202e-05
5.311566252050341956e-05
9.426504805676083404e-05
5.567135973832538067e-05
3.129922809270016331e-05
3.310967654864878661e-05
5.471437145083781254e-05
5.378012753029523334e-05
3.294965172376800998e-05
4.359944575994772586e-05
3.592010578938091233e-05
8.548009383917848109e-05
2.559111137703838642e-05
8.918902422941644959e-05
7.261472595951637095e-05
7.809291934713732844e-05
5.791850786514994218e-05
2.836685803702284063e-05
6.877303916121211527e-05
6.857713152655832564e-05
5.643347906756965141e-05
8.044201075183606692e-05
3.838718187185840419e-05
9.135740557315920351e-05
7.503774546403241556e-05
7.738753461416104235e-05
7.382424803814295242e-05
3.124929250826787702e-05
8.460511979338324181e-05
7.233441131958982708e-05
2.116642130172720191e-05
9.349618962506100182e-05
3.055356772832507582e-05
3.831584937332472050e-05
9.645727194547587828e-05
9.539259726545405130e-05
5.035935631241564509e-05
2.310493076759896831e-05
1.734383638801310798e-05
8.622155949954254852e-05
8.735819366453880506e-05
7.181428762747206550e-05
3.143160249044026002e-05
4.065572337405815950e-05
2.720426230178168360e-05
7.242140949876961368e-05
7.919662268361814706e-05
9.623875294519089235e-05
8.073651645997216759e-05
8.802702070682426523e-05
8.962828458246785077e-05
9.687872849158173181e-05
1.722891834307563460e-05
3.366078481063700968e-05
9.438004238061213646e-05
9.205475785225757589e-05
8.941714409270144922e-05
9.409858206065160923e-05
5.234660610462958316e-05
3.251628953389410501e-05
8.227438330347632608e-05
7.097140090247148017e-05
7.702368984851496597e-05
8.271120539841695838e-05
4.390658741905214429e-05
6.747917225054928230e-05
8.443325709678205151e-05
5.604108614204080777e-05
3.969189046368816096e-05
5.361350484051333653e-05
2.033784888706560641e-05
2.352724663173640969e-05
1.872854938723426732e-05
4.538009429630197731e-05
9.654694163411977866e-05
1.699321905523179012e-05
6.917113707626219843e-05
6.246708426720470170e-05
1.340920983719030065e-05
9.426620196582457970e-05
9.428969413052910170e-05
7.843090535608103161e-05
2.902484446690274195e-05
6.737350664114495136e-05
9.490357670596620814e-05
2.670378542097391009e-05
5.585420146002435332e-05
6.958440286026679644e-05
3.290256501494888126e-05
1.919558864144725992e-05
7.408899640672829824e-05
6.303247411806575976e-05
9.067126969047722550e-05
2.958995322607261357e-05
2.623606394559764126e-05
9.137354313316559313e-05
4.700621947085739845e-05
8.105447011862879981e-05
5.933001708599026572e-05
7.766024585385215406e-05
8.956275547858068894e-05
3.020839294387658066e-05
6.398752335385067655e-05
3.831376519349618268e-05
2.898596342428112966e-05
4.024887804168460551e-05
7.320543971698103539e-05
9.668493973841109541e-05
1.075667437685090820e-05
6.051894299832073873e-05
4.156742476331258020e-05
3.661445983122622253e-05
6.770374253450358204e-05
5.422968972260837123e-05
8.397767819483893713e-05
9.401519017238109811e-05
8.095032600113544522e-05
1.525635640676557866e-05
8.801678536375458542e-05
5.540034928383660661e-05
9.299159191919018097e-05
9.459883405989176779e-05
8.038391469756693596e-05
7.874663166102758237e-05
6.848828968287065330e-05
3.486371530881742203e-05
1.714518955576856561e-05
4.469489237087852869e-05
2.382450553254309092e-05
9.146041500991003177e-05
5.538129618181642194e-05
4.686796408407453273e-05
4.490836900577275354e-05
2.961887129746547831e-05
7.434021379474096752e-05
8.958786568630659644e-05
1.011082587887343062e-04
5.286688250562443677e-05
8.993213342817755638e-05
3.697424107242575677e-05
9.357968824986613566e-05
8.721395373126829731e-05
7.628072110548868409e-05
5.520395241795691260e-05
9.362408669452492805e-05
3.373747322900739153e-05
9.706659731021479375e-05
7.924171252102285101e-05
7.142815013302621758e-05
3.821394689622884715e-05
9.123696604769037516e-05
5.863832226345311582e-05
8.945307717373890161e-05
6.630568355043623394e-05
4.301634115418953645e-05
1.699169159617223811e-05
8.527915859349637572e-05
8.512309093629743736e-05
9.820509008688510792e-05
9.175411382359394488e-05
8.767956994672631459e-05
8.522844854888557962e-05
6.706455344980378846e-05
5.040870120312656460e-05
1.910899779766971833e-05
2.085952927466367237e-05
3.422259322973249360e-05
5.942854923630757182e-05
2.411916624132071809e-05
5.196326328940083748e-05
8.802462015748157057e-05
4.123053429802256995e-05
5.344500374136791366e-05
6.179470612950802694e-05
9.304637399048815843e-05
8.864135067411312735e-05
4.629854472873165463e-05
7.154526138158795738e-05
5.914102179247560852e-05
2.070776920932424736e-05
8.816861451694418036e-05
9.466510442412150617e-05
8.454813327273584197e-05
7.320748358336079311e-05
5.783377864651459535e-05
5.801110849743934235e-05
7.054857845715529336e-05
6.071470161245827815e-05
9.198486440109694370e-05
8.933804052135305509e-05
7.744968305355057995e-05
5.111310537366011157e-05
9.588665536994407396e-05
8.550587709369906358e-05
6.676697384619647755e-05
3.227354989194996192e-05
6.135619247331822157e-05
3.299668588309114084e-05
9.420332346884335070e-05
2.806836095374981620e-05
8.202371072168367820e-05
5.240891559715785510e-05
4.718803838861078132e-05
8.898187624255379704e-05
3.578637552957629302e-05
3.361403846836036736e-05
6.187172243451180770e-05
2.092222049132380808e-05
9.819080229150548142e-05
2.044013583617787115e-05
6.618833143989771405e-05
9.342456240130109929e-05
1.508864385754132351e-05
3.062158212935030223e-05
2.544928288450836945e-05
8.339625392119613451e-05
6.567386045166120879e-05
3.832037934953732325e-05
8.600146119688313866e-05
1.368678045177016164e-05
1.798507206721449878e-05
5.392053078441477818e-05
5.608223137300228278e-05
6.071004744951083231e-05
6.171217164837713358e-05
7.559586180924753832e-05
4.047383269895760138e-05
1.921421187460065083e-05
8.583302993065515247e-05
9.100601218726939818e-05
3.106948983500131976e-05
9.448982977747148846e-05
5.607136523334750486e-05
2.617520744027952554e-05
5.929019424556963776e-05
9.413858776806616419e-05
9.503073604272677100e-05
1.288762501931085546e-05
9.452118186286002921e-05
5.028656749155388387e-05
3.762569052368953823e-05
6.419229617655745272e-05
9.038048727039967370e-05
5.294297611965257766e-05
6.797882477033834843e-05
1.551768445041368138e-05
5.140112135136128997e-05
6.717783620178316103e-05
8.672773024152669659e-05
8.528133968679992743e-05
1.033368596271617453e-04
8.573538769941367512e-05
9.598994312466936347e-05
6.417274121366559427e-05
9.538929950233613069e-05
8.817117481832254455e-05
8.909229840202470866e-05
9.028005794535487721e-05
9.348546046423010351e-05
6.124231731837904568e-05
7.177612937345922333e-05
3.830395702799900635e-05
9.565123909899416691e-05
7.027414318723114038e-05
9.565485416000477320e-05
8.005394445844576413e-05
8.007319741810159136e-05
6.734247672694876319e-05
5.564303302226745871e-05
1.996279250908659762e-05
7.032482513595492363e-05
6.566196050590207588e-05
9.614419519432105372e-05
5.066463587982525027e-05
6.790795523854383561e-05
7.078339985302500186e-05
8.797699318429023463e-05
5.799547471132724362e-05
7.763071115761562523e-05
6.065841256284363020e-05
9.355375069686989119e-05
8.312225412292168847e-05
8.740957549669285177e-05
8.874104413295238862e-05
