9.861257808627945862e-04
9.821777433053448855e-04
9.861257808627945862e-04
4.277698229804642301e-05
3.147112591324108716e-05
3.250844598651534507e-05
2.763762083548111108e-05
3.357255939154019949e-05
1.882220425361069217e-05
3.032382090504439132e-05
5.695315319052563505e-05
3.290454015953744188e-05
3.868156271725447083e-05
3.531078590655028625e-05
1.920111668213746753e-05
2.630866161873357425e-05
4.960204637658567427e-05
2.785342954146542460e-05
4.070985940204016585e-05
2.873748249862794149e-05
3.293702270854841372e-05
3.428421379857245937e-05
2.033018363048286287e-05
3.310408588163161331e-05
2.909407864763884663e-05
2.894829372874058420e-05
2.097496082738543410e-05
3.361696125557329300e-05
2.286041878398351596e-05
3.405748269475943675e-05
2.567786116889737380e-05
3.691624964083640813e-05
3.070937654940760137e-05
3.932911699545863193e-05
4.213234728658051106e-05
4.280427251958553040e-05
3.544843486742485614e-05
2.928579894476617139e-05
2.338587885642835426e-05
2.466475877583062910e-05
3.115016543455717161e-05
3.617172897289461768e-05
2.424153991340226628e-05
2.806185010641162737e-05
2.934416777957250480e-05
3.542171194530781394e-05
3.221378210071617194e-05
2.755729441939647640e-05
3.932770322997373568e-05
3.014299173892412095e-05
3.113827368600815453e-05
3.657961539916395005e-05
3.117219041010235042e-05
3.293299732074779208e-05
3.258619270137528591e-05
3.327199987894262302e-05
3.115700195636883702e-05
2.474414756558046790e-05
3.702873391075196666e-05
3.421550117511524663e-05
2.126165765938345257e-05
3.842007132135315559e-05
3.305954509659462826e-05
2.718609391682335076e-05
3.647346717909455123e-05
3.419793946293019738e-05
3.674530346300348629e-05
3.093937034469722053e-05
3.499576743339694116e-05
2.944065448394338230e-05
2.497032983419884611e-05
3.487427917596105410e-05
4.246152739456792374e-05
2.806437885775417700e-05
3.536696688501373082e-05
3.136760071320220339e-05
2.863098948633578520e-05
3.428714703306998330e-05
2.114750894772692867e-05
2.934641097238160055e-05
2.262902036161868827e-05
3.645118197340741926e-05
4.034115542368942031e-05
3.090019502654021109e-05
3.089881679148739305e-05
3.161392748344724578e-05
3.538737987150575038e-05
2.477204182475235017e-05
3.921306347838563264e-05
2.512738238768756621e-05
4.100063142309658235e-05
3.674147469832335990e-05
3.646667464666044251e-05
2.878877400924346737e-05
3.055798920695137675e-05
4.452371306695274779e-05
2.404541142354473264e-05
2.972271792405249683e-05
3.176337660452028161e-05
3.053132459259260762e-05
3.541362934520887588e-05
2.541278183331364580e-05
3.385684605198320139e-05
3.827450898912698924e-05
2.361847946157040812e-05
3.412877572943489343e-05
3.969632249480789093e-05
2.986851897047822758e-05
2.936089575997498399e-05
3.163898776444709014e-05
3.357899326726561948e-05
2.804463594360435082e-05
3.665051833626381989e-05
2.940245467271773339e-05
3.349583735776958646e-05
3.074387269476845365e-05
4.800433391995830381e-05
3.440853155555516016e-05
3.188091302250554737e-05
3.190890152582500066e-05
2.244287090035152607e-05
3.817237110855424629e-05
2.752549684253903601e-05
3.030876598291125317e-05
3.315125999483968500e-05
4.014007270902317443e-05
2.686184696180976395e-05
2.880915520814508781e-05
2.254145472639052070e-05
3.520794034166169130e-05
3.088130072899514380e-05
3.723842899755480402e-05
2.934370931557438232e-05
2.008672245377065294e-05
3.392403277556855048e-05
2.260162795255226412e-05
3.688775747049867916e-05
3.511711283965323276e-05
3.318531409686430991e-05
3.219938370186471607e-05
3.206343171136416813e-05
2.860558269576541601e-05
2.737326011665796322e-05
3.097725457640429416e-05
3.103572162256009110e-05
3.315973755575663451e-05
3.401040731509920540e-05
3.256302143229642131e-05
3.170740050244020577e-05
2.186535192984382641e-05
3.365951673054601745e-05
4.112782717606865607e-05
3.340181693541418071e-05
2.491486362982675687e-05
2.350989521717778704e-05
2.355134247796537527e-05
3.438367600477425901e-05
2.700023505981887807e-05
3.819888840145900890e-05
2.536293845924802114e-05
2.839635495069761547e-05
3.280921698195499040e-05
2.302239427727776868e-05
3.407894669126296054e-05
3.087603702117043829e-05
2.416145967022746081e-05
2.674720635020456932e-05
3.108567369871599318e-05
2.061540514999610731e-05
3.607493675076804001e-05
2.542163120583480206e-05
1.843538224797139962e-05
3.748401404726799655e-05
2.784777391522971865e-05
3.246959009359795816e-05
2.993631450109461695e-05
3.451972890259065560e-05
2.540890413025335973e-05
1.791142620478313100e-05
2.761617034572878913e-05
3.835597507312519627e-05
2.007530870753482615e-05
2.632820957387554966e-05
2.400133304822087453e-05
2.655571112885302088e-05
3.185134647521984953e-05
3.502829153773020658e-05
2.778216089798890470e-05
2.680018281767955452e-05
3.498182534737840938e-05
3.710553177621183529e-05
2.195540310180497270e-05
2.662011254681053755e-05
3.266584371737505852e-05
3.194812873412669092e-05
3.388946144679189684e-05
3.219408626709670750e-05
2.746789014802172247e-05
3.903239520898596797e-05
2.944383800061175583e-05
3.216676392299725113e-05
3.076386290754465038e-05
2.598479767004108028e-05
4.025173596053603501e-05
2.851428165541259731e-05
1.892347220899063059e-05
2.540206309160007828e-05
3.012956177761646641e-05
3.846568046590479953e-05
2.372920229845082083e-05
2.327938561044084798e-05
2.942688304135225141e-05
2.594430100681033904e-05
3.103617013216688488e-05
2.265323842106255057e-05
3.159343513161032307e-05
2.772051780781076795e-05
2.857934458844588034e-05
3.475473592870520934e-05
2.601489307118745232e-05
3.397240420354860152e-05
4.343570075941269624e-05
2.636745692712749253e-05
3.433981693837296522e-05
2.768509817805041309e-05
2.819805824062504720e-05
2.933454714044025512e-05
3.286592389979110871e-05
2.619967256496106143e-05
3.142305760675869890e-05
1.929557987643953706e-05
3.467816584878301257e-05
3.621021138724814687e-05
3.480661260414299627e-05
3.364303771227389236e-05
2.864203666503230570e-05
3.464998263160744339e-05
2.369067771597422318e-05
2.894410267132017893e-05
2.739287946234220995e-05
2.794289440548328786e-05
3.388173692318657230e-05
3.648493265530903981e-05
2.429608366524178695e-05
3.012562765395941926e-05
3.087375108838457619e-05
3.457575064207721012e-05
3.453898397978933857e-05
3.400546528045425804e-05
2.303408775882884640e-05
2.323181341032303995e-05
3.074290472242998697e-05
3.162797774769169652e-05
3.457021328760362557e-05
2.700226375158720402e-05
3.317674889355277088e-05
3.001179046627399090e-05
3.260942775272041651e-05
2.679874504949724561e-05
3.617184430632741746e-05
3.098229870247095664e-05
3.785380843287364174e-05
2.739657148220769341e-05
2.935711459997200569e-05
3.571567881207726031e-05
3.490318867093651395e-05
2.768278931817602266e-05
2.906704466474827731e-05
3.102893450807832403e-05
3.273304585450332005e-05
2.713998423774185059e-05
2.779054370448562545e-05
3.272723360502417990e-05
3.294028397067133167e-05
3.493341275635729044e-05
2.483359173680415975e-05
3.405577765563467591e-05
2.431413514906978639e-05
4.217421705895615621e-05
2.914997151294480385e-05
2.981123849028473414e-05
2.566716717396889548e-05
2.210991393867027603e-05
4.240178073601459175e-05
2.980893910698659554e-05
4.597623646093895896e-05
2.953562511229190386e-05
3.340833477857934567e-05
3.025267064544307042e-05
3.699563369008420559e-05
2.448361594663084697e-05
3.041901853383757905e-05
2.792730459458299391e-05
3.383934150973819880e-05
3.592662104821213958e-05
2.817780141589243769e-05
2.895532361893138251e-05
3.345214465631224225e-05
3.815249358966681624e-05
3.421627302730844301e-05
2.714807990154876808e-05
3.349994105662346106e-05
3.815649346639870296e-05
2.775767676578169590e-05
3.559148048852545099e-05
4.183253489057745694e-05
2.835182167645698066e-05
3.353203166667906846e-05
3.703692581086020819e-05
2.945349653521858190e-05
3.528961502235499799e-05
2.708535357102105569e-05
1.763377843883606765e-05
3.076418988963523088e-05
2.266880241930571124e-05
2.795504769765431402e-05
3.122509493907174772e-05
3.341792997119761303e-05
3.361283368271495369e-05
3.753272286752457922e-05
2.711099786548523840e-05
2.471276639927810605e-05
3.201428795846812122e-05
3.619735971591014087e-05
3.564950251070466173e-05
3.319562596663361265e-05
2.976068077547362839e-05
4.047312986144168561e-05
2.678489361719479472e-05
3.188778942524006347e-05
3.415775236439703880e-05
3.076603299637129744e-05
3.166934034627567597e-05
2.976784777645684926e-05
2.751554520224347252e-05
4.173904294803589644e-05
3.932266281364338095e-05
3.141770151482236153e-05
3.805943409170258195e-05
2.498431122437095117e-05
3.187385899691346723e-05
3.393937207984198197e-05
3.770052611217140134e-05
3.422906340790647574e-05
2.509778098142905015e-05
3.388704619718334950e-05
3.332634241353575020e-05
3.035834943042048779e-05
4.139909277357276083e-05
3.124662829379412643e-05
3.552783441658403268e-05
2.893815130431643006e-05
3.570133767507461116e-05
2.955283970116641921e-05
3.347114823608055419e-05
3.331349403698678703e-05
2.073627769899887650e-05
4.737136860228563430e-05
2.657304242870741959e-05
2.826368423564833151e-05
3.187634658032503115e-05
3.561602793848645053e-05
3.568610726212700652e-05
3.303410461190417729e-05
2.756014384788973623e-05
2.966146117822990856e-05
4.315290583804213143e-05
2.502040209866829033e-05
2.259918737598477239e-05
3.719850378603353877e-05
3.286552959708593017e-05
2.901624613149300267e-05
3.293844797462381539e-05
3.221753329271278535e-05
5.117291689584923446e-05
3.893598912525492032e-05
3.687300943407001164e-05
3.092280324335855223e-05
3.538547369921653111e-05
3.242334477752743490e-05
3.852020269511150619e-05
3.542545846934910792e-05
3.698175188974813930e-05
4.002235137844903281e-05
3.656504396027397192e-05
3.701534825590632836e-05
3.299857397821840039e-05
3.730615090510881456e-05
2.524238126945939050e-05
2.128903772447565204e-05
3.749658179149107664e-05
4.609605061325753629e-05
2.325264813086203627e-05
2.431187137862372822e-05
2.897092988188875966e-05
3.160076341760753403e-05
3.265390746011653182e-05
2.551568918309643106e-05
1.852192692820868935e-05
2.663158930979313304e-05
3.945569558397128891e-05
3.035173587101065956e-05
2.635596202343025858e-05
3.400421873839395634e-05
2.612739223924135721e-05
4.188812366464204667e-05
3.103189924095580885e-05
4.047115518229973529e-05
2.199463270041854260e-05
3.511735357804178010e-05
3.124157060685364522e-05
4.027329770334535917e-05
3.113210611229858736e-05
3.489005510974628813e-05
2.376787527501884997e-05
2.395313998336308589e-05
3.108372700623562862e-05
4.436215846174750086e-05
3.670393912594349195e-05
3.386870443449251029e-05
2.766584808235399457e-05
3.242143770506434572e-05
4.064790779254201676e-05
3.553612160219492722e-05
3.497501118653711233e-05
2.740168110743973284e-05
2.527291905947199100e-05
3.244968191069430038e-05
2.740344663615147262e-05
3.543885495208405162e-05
3.151386506183667218e-05
2.738136964667060055e-05
3.869870287372611465e-05
3.407571228868375233e-05
3.639973925686007463e-05
3.454587744121295138e-05
3.075391086028060128e-05
3.297701255936669315e-05
2.608137875864986410e-05
3.719346400440617435e-05
3.030276648241842408e-05
1.815068927911546445e-05
2.723896267663378492e-05
3.772426067448076667e-05
3.246246636560741613e-05
3.562259331039208029e-05
4.592048183291030244e-05
3.380356216429561173e-05
2.567121793080087938e-05
3.431590151986859636e-05
2.910480730984568081e-05
3.071643119751373897e-05
3.945153049701702786e-05
3.112173783892366904e-05
1.593699567609592143e-05
3.731519190639761066e-05
3.301438008702399442e-05
3.540149880840953673e-05
4.031637502206602555e-05
3.398762339499120517e-05
3.298199410105340289e-05
2.572494108090822167e-05
3.007722832898653340e-05
3.718778352944044762e-05
1.481209936788634878e-05
3.218897131453158386e-05
3.320686533920692699e-05
2.632113678413609522e-05
3.424165157839013978e-05
2.067151786587829196e-05
2.692960091539184388e-05
2.372162833911661654e-05
3.960331361627625915e-05
3.050271295031313618e-05
3.402667161276849413e-05
3.250335044710996762e-05
3.820300512379838534e-05
2.733181078984848122e-05
3.301876123680319488e-05
3.059866985077178879e-05
3.478824489659118526e-05
3.310865371761225747e-05
3.264766430106543751e-05
3.237979222737906530e-05
3.644295545992312890e-05
2.777629480364129312e-05
3.746127129779056074e-05
2.506047694304399905e-05
2.541965490615625430e-05
3.581512864485851414e-05
2.449523908073952160e-05
3.195041326105440963e-05
3.309868993466823499e-05
3.407487322531912668e-05
2.607989721029511200e-05
3.322962897267447025e-05
2.751387330672271949e-05
3.586357398593062234e-05
3.090016989312209826e-05
3.163864499630721625e-05
3.528354587364142172e-05
2.815904022091091774e-05
4.099886945326780790e-05
3.507044985417580286e-05
3.930111838386088276e-05
2.168520523708157156e-05
3.238080462159844634e-05
3.655069394522634255e-05
3.118647697962055067e-05
3.040599718700533037e-05
2.695028516532572101e-05
3.550465192509821253e-05
3.533762402877919554e-05
3.141276656387095666e-05
3.094783813332087103e-05
3.340515517021488945e-05
4.354265436184274422e-05
2.721884519879428315e-05
3.537058892292295595e-05
2.480952768687043230e-05
3.477716197373648891e-05
3.086680352727137115e-05
2.707890872243831851e-05
2.935823287431120330e-05
2.709381624836034493e-05
2.227032728424058734e-05
4.385439200334923220e-05
3.329803165904987171e-05
3.509905326754973786e-05
3.319120534791321499e-05
3.779332846202518612e-05
3.678043348974563556e-05
3.606468263504053419e-05
2.652023423665761425e-05
3.089972324917633184e-05
2.613398338559729987e-05
3.143659669615368453e-05
2.372808360581081256e-05
3.589960491494310424e-05
3.144000176245024961e-05
4.519237826413949051e-05
3.225537425761516240e-05
4.357059310132546258e-05
3.416486830844075388e-05
2.344811211189064964e-05
2.422607731265423204e-05
3.322063612430025900e-05
3.805570910188499909e-05
3.301499095796676611e-05
3.254578406974215066e-05
3.086076352732735424e-05
3.216197913621287658e-05
3.288148099248671091e-05
4.273679490830728771e-05
3.523663881642018518e-05
2.972401441321585874e-05
3.904679679835227919e-05
3.648254877518595222e-05
2.846902803571767305e-05
3.296443418913494770e-05
3.750804134806046071e-05
2.991854570973043594e-05
2.680524277748238111e-05
2.872968058677287444e-05
6.321658667651040430e-05
3.282294455026985925e-05
2.780167078011209255e-05
2.945120661704692387e-05
2.628037189588429244e-05
3.222904608868109536e-05
2.540536805094606871e-05
3.908275891925904995e-05
2.867760834254013053e-05
4.024444084135727072e-05
2.323514195303874385e-05
2.925086012913972599e-05
3.234236349009502105e-05
2.234463215162455272e-05
3.238899415402307657e-05
2.865595195419057452e-05
2.970395923229668519e-05
3.115137623299787489e-05
2.510752083614920861e-05
3.784750537726293859e-05
2.950699625009081748e-05
4.003470730446575290e-05
2.787339008492903150e-05
3.213213269407990953e-05
2.498047835888438583e-05
2.442573313460816108e-05
2.445598697735700894e-05
3.395278224780135423e-05
3.620627978154634507e-05
3.695787610563892189e-05
3.441520050472807028e-05
3.462183826436186789e-05
3.977295261071656449e-05
3.336575687343097088e-05
2.903748463983154844e-05
2.513328790292950848e-05
2.745708837321341858e-05
3.252015638242408007e-05
2.284548620457176036e-05
4.203679299076820615e-05
3.191119087993570457e-05
3.408422049947920429e-05
3.249330509576481632e-05
3.783716205985053515e-05
2.751619880102934828e-05
2.207843553329787042e-05
4.099830321397067841e-05
4.121737966836748674e-05
3.713497562489479701e-05
3.567392676137519060e-05
2.619579483252083450e-05
3.273429015783961115e-05
3.775608334000980884e-05
2.095046951306720639e-05
4.274370527235936054e-05
3.069264993891441140e-05
3.021125963786887531e-05
2.878661226903177830e-05
4.521615144386899668e-05
3.107972277035613685e-05
2.442443222319530291e-05
3.393329083718128508e-05
3.431302944039880346e-05
2.584146720543179472e-05
3.253752494815398047e-05
3.760168080410685717e-05
2.498649795100295557e-05
3.485023841553353820e-05
2.222380979828817999e-05
2.674244433717915442e-05
2.383512831235450708e-05
2.964626306839246222e-05
2.579734063835550199e-05
3.149537716141615542e-05
2.703720841052641816e-05
3.616059338484509789e-05
3.257716014531239268e-05
2.659259666019284007e-05
3.849142751278346937e-05
3.718913787754548022e-05
3.641416042957456678e-05
2.832349360033325456e-05
3.271278532891166383e-05
2.789887679671509648e-05
2.722304614249177458e-05
2.548324899800994108e-05
1.919838948679416713e-05
3.343587899490050799e-05
3.779592511399640809e-05
3.059194580243714104e-05
3.481006483877644499e-05
3.797268597976715255e-05
2.644233268871380236e-05
2.267125682942616863e-05
2.242240359857895502e-05
3.497210855637176047e-05
2.806168444273366466e-05
2.482614595046459357e-05
2.610683787567275415e-05
3.033174458196568563e-05
3.321871205970753586e-05
3.217675625913732248e-05
3.266533964585457934e-05
2.958571539552727755e-05
2.637007469673591139e-05
2.665189708148385788e-05
3.408650265300888863e-05
3.390394400870644782e-05
3.483234328785803443e-05
3.542000039586138630e-05
2.926379546692029065e-05
3.481246968073621660e-05
3.121100485690182379e-05
2.230540179675876119e-05
3.353794776774954338e-05
2.375269233779209616e-05
2.840613028794831277e-05
3.954717248188915609e-05
3.439875896977161120e-05
3.274445346524464654e-05
3.565291470335269701e-05
3.937442598962892666e-05
3.405827082760077488e-05
3.417072007753584018e-05
2.822629014962416927e-05
2.579028510666773829e-05
2.831387596628612470e-05
2.787276179621764351e-05
2.843485279266768232e-05
3.001349799016469157e-05
3.881450101221333609e-05
3.366624099414122063e-05
2.511286457293091670e-05
2.528646231199285500e-05
2.467094672408516668e-05
3.988364822374792389e-05
2.787741214712842822e-05
2.574025860073246965e-05
4.091764183281188904e-05
2.968066890082258303e-05
2.785447192244381253e-05
2.568410755499034198e-05
2.858170677287353987e-05
3.621888898179928437e-05
3.491126417644110371e-05
3.273372387867688955e-05
2.539224535008665923e-05
1.395692015306865360e-05
4.082916230324779830e-05
2.183377488042733617e-05
2.895633045140181601e-05
3.522000996202847412e-05
2.653739265156293973e-05
3.788956685266727919e-05
2.978614619503875357e-05
2.937342229979776989e-05
3.624553209629186219e-05
2.691765467044848097e-05
4.000842517861251933e-05
4.147169147015139729e-05
3.106826346777612788e-05
2.994736791954816327e-05
2.718132556823430086e-05
2.865401213410881555e-05
1.968454718593267954e-05
2.993368334317398358e-05
3.396365167568986504e-05
3.692584604016880677e-05
2.435294634372685876e-05
2.881852541802944537e-05
2.483961916935934920e-05
2.641995356882224750e-05
3.122598558596259474e-05
2.608986376463539258e-05
3.275754813680828659e-05
3.333592695641280360e-05
2.803560096901919308e-05
2.507802934008221936e-05
4.555077838470370703e-05
3.210269030279525710e-05
2.769555060301167557e-05
3.342389802044716339e-05
3.463272510230957216e-05
2.896801151685184171e-05
2.336826470062147550e-05
3.462273904559327268e-05
2.665733243671975275e-05
3.420310279707246054e-05
3.789442832857738629e-05
3.900279503664274525e-05
3.400594655492805002e-05
2.578933765608260853e-05
3.027548502805974925e-05
3.003128383816361963e-05
3.165579658052435584e-05
3.907812058604778050e-05
3.651547996962483430e-05
2.393163955435989904e-05
3.088568664358399841e-05
2.768560715789523263e-05
3.689883453031059718e-05
2.687083488371272644e-05
2.737558534715326341e-05
3.697245502569375077e-05
3.793298033097869620e-05
1.824519455408606000e-05
2.186764358159303665e-05
3.684372560249664553e-05
2.797509372350317678e-05
3.143766092297936072e-05
2.801452964797874118e-05
1.654114519903712976e-05
3.391655032835553027e-05
3.639678872431755560e-05
2.648233610362458505e-05
3.391305333948691945e-05
3.320709720560942243e-05
2.542484631778866249e-05
3.323104123169837458e-05
3.984730128808940694e-05
2.239117372544583950e-05
2.657724001396719350e-05
3.336952154228728818e-05
1.758811876315353890e-05
3.599977094723198984e-05
2.795910156185169645e-05
2.346676082194866717e-05
2.771034776171465226e-05
2.662239714197950970e-05
2.851401054763243070e-05
2.367051364442751335e-05
3.896251373737991824e-05
2.464643353410000148e-05
3.112842231909805862e-05
3.176348627971307801e-05
3.605494744510851022e-05
3.423523703885975234e-05
3.435943432559321185e-05
2.983217211187912593e-05
1.431146887213288577e-05
3.637599561918045934e-05
2.717089825505938664e-05
3.520641889996223853e-05
3.132375284587964265e-05
2.023784799167293013e-05
3.175068116878798652e-05
2.130089237900681951e-05
3.104893834202276031e-05
2.208452299785945759e-05
3.213075593439632962e-05
3.466230058476956643e-05
3.494528815351669130e-05
2.539224148413926819e-05
2.732262949088146565e-05
2.502217923123575770e-05
2.468766801170117395e-05
2.676909766625473655e-05
3.907193494536064573e-05
3.154787760410705609e-05
3.192314634128075377e-05
3.288573554924540765e-05
3.890674253184235132e-05
3.431041622098336729e-05
3.107535769416240574e-05
3.179664187888087644e-05
2.875428540596588906e-05
3.648905339795367059e-05
3.884129511774351223e-05
3.598950841287797711e-05
3.436369776933724703e-05
3.138432701469465034e-05
2.990602119580702288e-05
2.671247080372829980e-05
2.273482814686431647e-05
3.081702931196963336e-05
2.411631435020785552e-05
3.735363281227501310e-05
4.099628999375005403e-05
3.747054872440558641e-05
3.440117535780474534e-05
3.315578006422896734e-05
2.939781897786019553e-05
3.100762415894130431e-05
2.785449573439244462e-05
3.490550793468678869e-05
2.957930532947398696e-05
3.400546502151830539e-05
2.765000658995139804e-05
3.342895762903260988e-05
3.423061777685427911e-05
3.409678332746281075e-05
2.033002331894381858e-05
2.557590927747409692e-05
3.514706715259220351e-05
3.344083172141854889e-05
2.829155014505836839e-05
3.207062237768329492e-05
3.146479893966381159e-05
4.129977182176312997e-05
1.884178774674894990e-05
3.469745540625430264e-05
3.363781944641791724e-05
4.260407697628693113e-05
2.370112560845346724e-05
3.516734316762026695e-05
2.157929751697295974e-05
2.871000310035800801e-05
2.203488357856286109e-05
3.308873893506440836e-05
3.167036656798818972e-05
3.218862399285757873e-05
3.050301133619297321e-05
3.306355754810029067e-05
3.584061698103608109e-05
3.356600420311885424e-05
3.578040175610908651e-05
2.766839088389600430e-05
2.169160143205141499e-05
2.559889406555208315e-05
3.896108755212814012e-05
3.266598444498558572e-05
2.963821731917410686e-05
3.468775926770829816e-05
2.525541563515285612e-05
2.713929531288662101e-05
3.340072778226300162e-05
3.209042855671154757e-05
2.569487348535821330e-05
3.853326946222295982e-05
4.635923302316830795e-05
3.247944927019802153e-05
2.288498258352719700e-05
3.577214420889870402e-05
2.566341457476403932e-05
3.548688405867747245e-05
3.465421883430900831e-05
3.133127502545842325e-05
3.432916566490372726e-05
4.271875992590622553e-05
3.365559255539197667e-05
2.606743560168723123e-05
3.448038800837360839e-05
2.491857822529785729e-05
2.097033948900789709e-05
3.131357915695901379e-05
2.303068001831111238e-05
3.703845639554084648e-05
3.809831640369387441e-05
3.820740383174767293e-05
4.584229937624333150e-05
3.461272296935322758e-05
3.366590268152339831e-05
3.454482357817851451e-05
3.830693883068842474e-05
2.490980194825817798e-05
3.436016229885129557e-05
2.718334439409088595e-05
3.468907565184906278e-05
3.287385131013445571e-05
2.369442907045404977e-05
2.018084686241453785e-05
3.266910190535945785e-05
2.943623302312559672e-05
3.566861769093915345e-05
3.268402664244460574e-05
3.824360013325913408e-05
2.682983270045176397e-05
2.538943150648401422e-05
2.993068204623851758e-05
2.310357430495848399e-05
2.817848528487412789e-05
4.654280030370946811e-05
3.630729863986835817e-05
1.898369991836293324e-05
2.216441243539963801e-05
2.971361923577948630e-05
3.158912558630454470e-05
3.703659198525557065e-05
2.976297342787100796e-05
2.692957997524788032e-05
2.676384955146911835e-05
3.104544755313042541e-05
3.998039067289790166e-05
3.459515135448350834e-05
2.528782145200175405e-05
3.300725209626067331e-05
3.926201394390225758e-05
2.770546746466011717e-05
2.323337016047945659e-05
3.964676660455894604e-05
3.597691574230020876e-05
2.548938041696548242e-05
2.795488698016515151e-05
3.134598769635961511e-05
3.171893969310384410e-05
2.794018937069946704e-05
4.319625122075655688e-05
2.796471209826692438e-05
3.097225301475526617e-05
3.485293397434805374e-05
2.309330930011663040e-05
3.139521992151605002e-05
2.924766523845504711e-05
2.675828413114393655e-05
3.471611718251671236e-05
2.417172035248118955e-05
3.434049920768050997e-05
3.179746856715043990e-05
4.860975559067206312e-05
4.382629884466273090e-05
2.596232593790649972e-05
3.168131897026327839e-05
3.111951313174743145e-05
3.095139327593153050e-05
3.737178189468295670e-05
2.744827048188095092e-05
2.297513676690285264e-05
3.865673134008575123e-05
4.115785399399406403e-05
3.286590767735728493e-05
2.457013515423678792e-05
2.583524023302584735e-05
3.593134188373541156e-05
4.580621808574382849e-05
2.640302805169289719e-05
3.175415803697819920e-05
2.024585002153200642e-05
3.230367443001304280e-05
3.381793787767416908e-05
3.853534359861300466e-05
3.514755760098404297e-05
2.304945210446688968e-05
3.359047832287367512e-05
3.248501372846097278e-05
3.131749140905157845e-05
2.528239897975917972e-05
3.270617303138178617e-05
3.389188329619849057e-05
3.363487712971460102e-05
4.101457125425643372e-05
3.879610155321149088e-05
3.399967812870523899e-05
3.673843628172350278e-05
4.063685634969981908e-05
2.041805727442956347e-05
3.097134897003997044e-05
2.961970318446612227e-05
4.148622896143154261e-05
3.512477084182993978e-05
3.350471758602812451e-05
3.386317489900430054e-05
4.050729585779258037e-05
3.412412479483074694e-05
2.875446497387747831e-05
2.986628577064110365e-05
2.904385470958447963e-05
2.504294686243940885e-05
2.951967376346562952e-05
3.200321973881108220e-05
3.042626488939641097e-05
3.541991257122780725e-05
3.435783079319703779e-05
3.125969204883686332e-05
3.109023045726109867e-05
2.798386935039626981e-05
3.187722658908681507e-05
2.973179667248353414e-05
3.448052612662963067e-05
3.101192980282279407e-05
3.339143678903317119e-05
3.180167186533923147e-05
3.689452399206411058e-05
3.543936163462907976e-05
5.023951008231304876e-05
2.842801964549535374e-05
3.162776184999506446e-05
3.737868921442169296e-05
4.659650677515435129e-05
2.633682435258892699e-05
3.168171661266152168e-05
1.729340456265566928e-05
3.167715881211959154e-05
3.069669537417370772e-05
3.521378931947011237e-05
3.993533032190083021e-05
3.801034541454031713e-05
3.179976170916645631e-05
2.738968131890086517e-05
2.912877195461464799e-05
2.565284680444086986e-05
2.271189991599342563e-05
4.044776223767991693e-05
3.072354291706899887e-05
2.069848860919731948e-05
2.859995473833137084e-05
3.379364863111766835e-05
3.722810387355195480e-05
2.910913735990697259e-05
3.442847278875397782e-05
3.820167701036920210e-05
4.153921951777346207e-05
2.654885804633847998e-05
2.311729257279794431e-05
2.918332620861551423e-05
3.528380400631227941e-05
3.364520155897815376e-05
3.581075976974113043e-05
2.890849287169652149e-05
2.918322673490140415e-05
2.575617816325359200e-05
2.385260003405216371e-05
3.738259061920052841e-05
3.542509976070984563e-05
2.610261841356733542e-05
3.300623115699544325e-05
3.198787541363970770e-05
1.774781673266770407e-05
3.370580461847860548e-05
3.602325365886517019e-05
2.743310788301319835e-05
1.910794668706783389e-05
2.516839427150888422e-05
3.107139118314468195e-05
3.467797834894610073e-05
3.498809326301349353e-05
2.586596906206796675e-05
3.607973211383313085e-05
3.406619339063635213e-05
3.723829528863782553e-05
2.632001402721680544e-05
3.314029101449454353e-05
3.628229642408807749e-05
2.642610886519740907e-05
2.705640476503719160e-05
3.681267752793017541e-05
3.466184390767386387e-05
3.484886223067158847e-05
2.594345798434644995e-05
3.575502897072232485e-05
2.855823459526142977e-05
2.895086162107753114e-05
2.756617438304272472e-05
3.183692047585596905e-05
3.711307404198563867e-05
2.257591850178985082e-05
3.385370822410775291e-05
2.826334202838358192e-05
2.971408765697482559e-05
3.263562474679954268e-05
2.439793055929764167e-05
3.141145466789630386e-05
2.491637927621120660e-05
3.111405282322703494e-05
3.539592487795205204e-05
2.193002565620262128e-05
3.264711747827018872e-05
2.946730523803159143e-05
2.616122194643601796e-05
3.121268929462469324e-05
4.063140894530207147e-05
3.270755304515729473e-05
3.011070976642839838e-05
3.065997661524507366e-05
2.363842273273296005e-05
3.576842564116789440e-05
3.078892550492388284e-05
4.283108249233454773e-05
3.234915370141616241e-05
3.137552618072109547e-05
3.548637238797637690e-05
2.700520558754710478e-05
3.325356615077105474e-05
3.436051601718352822e-05
5.772470111872989148e-05
3.024836066014188052e-05
3.545422712505059515e-05
2.736040920030226640e-05
3.105145397571743558e-05
3.848385564086850537e-05
2.418318168700603186e-05
3.264214963688875318e-05
3.491640467473728520e-05
3.270721117023060438e-05
3.047316244238327968e-05
3.301705044123238043e-05
3.040042279358137495e-05
3.573236264829399275e-05
2.608793266109962921e-05
3.308622625972201911e-05
2.421203794935086723e-05
3.366859347086260571e-05
3.426218334908434670e-05
3.445266228795685899e-05
3.268586984487036382e-05
3.154395155546280821e-05
3.580560535918144327e-05
2.886274720210025793e-05
3.264070060707213933e-05
3.181860731269763498e-05
3.501589555410670519e-05
5.602184725599990752e-05
4.151417883186095701e-05
3.206342091526935572e-05
2.647409634214287582e-05
3.430094508156366067e-05
4.310674298402745509e-05
1.705801030462533233e-05
3.116506429606648792e-05
2.702371372723741196e-05
4.611368008427078338e-05
3.413708716929896199e-05
3.150546633844274647e-05
2.885330974575000748e-05
2.949858838689676559e-05
3.781520026759986987e-05
2.569447606311868996e-05
2.121847150728057234e-05
3.708577403136419901e-05
3.378694822687082044e-05
2.432942286961798105e-05
2.248930820718530264e-05
2.649707331391365636e-05
2.864647477275614339e-05
3.024121801143964783e-05
3.239523218476821498e-05
3.452963058269013015e-05
2.630340892258674945e-05
2.915117703657409332e-05
2.673569011021497994e-05
2.962491674046443076e-05
3.406683839219051975e-05
2.442425729017735171e-05
2.614687956359454174e-05
3.404697786620391667e-05
3.910147675785315721e-05
3.958810980835945502e-05
4.208572092324109508e-05
3.482734056375940752e-05
4.000919301462984863e-05
3.522275904091793784e-05
2.231975842828830939e-05
2.651600249165188221e-05
2.158993472280791286e-05
2.610416778854905896e-05
3.536166658480553054e-05
4.457413625448492580e-05
3.254406201401197313e-05
3.036402299913091597e-05
3.190365031962519321e-05
3.457058828501208335e-05
3.383530551645873394e-05
3.560682483880863510e-05
3.785593464518558296e-05
3.393007160588466917e-05
3.624411151333962604e-05
3.135786827153115558e-05
3.492659237262790315e-05
3.540002502176451999e-05
2.086916347266965204e-05
4.374979664111895472e-05
4.122815637874376797e-05
2.925550748206447226e-05
4.405396643439021744e-05
2.811782044481077867e-05
2.644839095038304047e-05
3.667544650696207730e-05
3.541281391625349247e-05
2.774513145253536619e-05
3.971510748342756234e-05
2.808395256991371748e-05
2.531513622049813900e-05
3.063419926158242524e-05
1.901436729980532470e-05
3.353521849907196799e-05
5.179015214317544914e-05
3.443205417852162557e-05
3.522695660768968625e-05
4.444303457024200175e-05
2.790755429422116777e-05
2.672584563805338229e-05
2.246416113652103077e-05
3.622836452671704529e-05
3.284466749272278274e-05
3.179300722034844297e-05
3.396520897068184777e-05
3.183078029285713414e-05
2.891390101494233593e-05
3.137983494218656212e-05
3.562602590937994826e-05
2.693005700322265264e-05
2.634346741120664122e-05
2.353615104212753196e-05
3.440015248151261464e-05
2.973802526774218212e-05
2.928036478809728916e-05
2.425978309650163143e-05
3.748921992233817302e-05
2.687725438203741773e-05
4.108593823443833991e-05
2.955070300909811272e-05
3.743196742022094606e-05
3.763929642642347003e-05
3.107188623984361128e-05
1.936975807915623576e-05
2.629579100485924362e-05
2.596978100051378102e-05
4.251778174441091728e-05
3.046280028692035163e-05
3.095907529165482764e-05
2.984466982652129999e-05
2.855439652891312338e-05
3.247531468458466117e-05
3.946599681224558903e-05
3.330851691386825655e-05
3.014548147952130207e-05
2.444114739901995627e-05
3.421531937344807439e-05
3.215758828950896896e-05
2.886012558042274744e-05
3.431354152373256169e-05
3.033403253537295664e-05
3.014566785018564602e-05
2.955755837953087073e-05
3.387312038609214637e-05
3.074655035654926064e-05
3.270943234838573181e-05
4.262041866722314520e-05
3.477372065420585294e-05
3.037430449499048165e-05
2.951484881239980498e-05
3.263783645083458682e-05
3.049665974809991585e-05
3.467473759517727163e-05
3.671203576846180440e-05
3.380860053710525899e-05
3.071709332427664194e-05
3.293261604267222649e-05
1.998367407531117181e-05
3.032665486226429678e-05
3.035781173682512393e-05
2.940504431812469483e-05
2.636610776796485499e-05
3.083720808205649838e-05
2.926235491694420787e-05
3.487889852630975980e-05
2.848468880573247020e-05
2.224607721378219570e-05
3.613895653547144786e-05
3.655387406136464154e-05
3.889083894732387186e-05
3.556062314987168806e-05
3.498418410718009237e-05
2.864543743113778446e-05
3.280860091544303766e-05
2.940093957432166901e-05
2.084051610342972126e-05
3.467394597130924513e-05
2.570780031215260826e-05
4.846754146609453140e-05
2.408606421670435478e-05
2.513374236113586943e-05
3.473712003687782693e-05
3.109288430809233538e-05
3.150571918602724364e-05
3.891937051070788701e-05
2.328021547005660965e-05
3.611586485151381163e-05
2.258275684598706111e-05
3.551242040639905964e-05
3.666558831891213703e-05
3.428889641201700393e-05
3.511284196369326277e-05
3.880399181711082250e-05
3.600215745166588028e-05
3.311580577460607980e-05
2.658436634346424642e-05
3.355038137485644796e-05
2.979108319367179328e-05
3.188660282800981317e-05
2.568858642944640055e-05
2.834449663558178206e-05
3.556754719027697623e-05
3.613184141902313058e-05
4.964931586685074691e-05
3.646458664529094774e-05
2.876842944619073913e-05
3.066417720812956868e-05
3.570703298849685120e-05
2.567293662778128907e-05
3.431514494538372476e-05
3.406865412777433948e-05
3.089038760393891900e-05
3.025972431040087489e-05
3.175747383077832562e-05
3.305803598392664122e-05
2.829451887076949465e-05
2.580949147141574923e-05
2.382866926834097579e-05
3.398402596654857811e-05
4.633998264035528615e-05
3.311050234385816101e-05
2.037993144930926989e-05
3.028638472126937616e-05
2.991864722633304165e-05
2.795266811919778994e-05
2.441516232408049328e-05
3.859958553828338120e-05
2.555091683741814417e-05
2.753515684655737200e-05
3.289099167393132504e-05
3.591362189175280925e-05
3.604255489019655393e-05
4.072346210656754617e-05
3.597900227710482400e-05
1.952973377587700329e-05
3.005573279640654535e-05
3.580767800671115644e-05
4.313156025619993062e-05
3.392210345681338611e-05
2.793643606002810777e-05
3.378778555965717317e-05
2.749369842197334755e-05
2.375797663394756522e-05
2.360830559731332898e-05
3.636282724153153714e-05
3.337416554196345422e-05
3.264586549209937225e-05
3.631862328621678098e-05
3.758486282012358734e-05
3.863837364903803908e-05
3.569977125099137378e-05
3.209026133648717902e-05
3.410351503939799338e-05
1.977191588096466080e-05
3.384877185513737296e-05
3.185577468523062967e-05
3.707102658578626409e-05
3.467204446491017731e-05
2.843423993902662367e-05
3.083386991569389015e-05
3.029519778054444489e-05
2.729034990554999747e-05
2.659417293865270340e-05
3.787507077758412355e-05
2.857181821661921897e-05
2.461531412895647642e-05
2.696375240305239778e-05
3.478771296738491630e-05
3.019413506850644443e-05
2.458531073846089148e-05
2.361069263807217115e-05
3.482454580816907814e-05
3.557698668963572315e-05
3.099822490736588073e-05
2.317330578314978086e-05
3.068953698056610911e-05
3.357698393265916303e-05
3.085975754540200202e-05
2.085962464772290141e-05
2.440648740585659761e-05
3.078011176510730772e-05
2.998672768407124439e-05
3.612094840399416635e-05
2.924171824177710223e-05
2.455769260578325784e-05
3.520822070686747420e-05
2.101123430608951045e-05
4.944615662770802348e-05
2.259475438493569504e-05
3.494494535439529988e-05
3.926503935541455473e-05
3.580640665681629616e-05
3.686762094982634554e-05
3.674550850796081108e-05
3.463215804135059197e-05
2.406696314642693178e-05
3.441042571156163521e-05
2.454130569694001885e-05
3.397285311152869878e-05
3.619005693170884280e-05
3.026196974399474802e-05
3.390918333201109507e-05
4.646910252875498183e-05
3.330551538041059007e-05
2.857365781741468138e-05
3.215997842871843861e-05
3.401963346914420620e-05
2.442937644439536950e-05
3.155576754053913383e-05
4.044544123001596716e-05
2.539074503443520335e-05
2.554168833932723330e-05
2.714402859549787340e-05
3.198063854736527472e-05
2.899011440896326897e-05
2.361781313933672500e-05
2.300634179530243519e-05
4.056819927528431151e-05
2.454495336489656687e-05
1.773593320814516796e-05
2.263081717250627271e-05
3.277728145410253868e-05
2.758116255830009552e-05
2.882492322291871448e-05
2.870255662165538787e-05
2.656415119008581957e-05
2.403463989245080502e-05
2.168401642675271023e-05
2.323949529302501011e-05
3.262708653153466846e-05
2.973183262211478615e-05
2.877464675231332844e-05
3.437093122089185203e-05
3.274473718764305257e-05
3.417935155176008691e-05
2.967949358406265820e-05
2.611512213829523556e-05
3.821004060246429749e-05
3.390134292135320543e-05
3.515789571917916901e-05
2.263715150925245737e-05
2.673182205255617916e-05
4.139565215276502406e-05
3.130215736236891677e-05
4.532637289984759653e-05
3.533402868925271249e-05
2.682024969065888314e-05
3.594378846964266260e-05
3.034463068832959779e-05
2.734041460082872478e-05
6.014710405842142407e-05
3.218915175113182888e-05
2.996495129510017125e-05
3.386413624533597645e-05
3.371429901871740949e-05
3.776698085254553055e-05
2.230200883742664781e-05
2.976788367449207523e-05
2.844171408760681600e-05
2.974780462865895381e-05
3.679662998628598916e-05
3.012547178323186643e-05
5.024250998288077246e-05
2.863819143098948793e-05
3.535494041730636553e-05
1.915211869720201263e-05
3.563397462990883148e-05
3.453790716464339041e-05
2.955854129414101750e-05
3.122499242204574473e-05
2.403750892014613435e-05
2.877652524267654510e-05
3.533070285402556594e-05
3.170383723730172911e-05
3.986825954201960874e-05
4.932320093590933851e-05
3.767692716690833582e-05
2.848358511249050038e-05
2.847488595918369381e-05
3.452999303663936280e-05
3.194847527062824545e-05
2.791915418328205583e-05
2.652168358077379578e-05
2.980825574779874212e-05
3.607850969595303525e-05
3.014073837003095245e-05
3.739864108790956195e-05
3.250772055346059277e-05
3.527766299423385523e-05
3.638119413333425499e-05
4.175438724957173135e-05
3.975435011036260944e-05
3.362417562641263228e-05
2.903038141717141803e-05
3.619730010884831433e-05
3.931471520603709767e-05
3.571910097451020804e-05
3.631813015567472426e-05
3.630462456557285403e-05
2.842715470616659289e-05
3.331288330220427701e-05
2.719376744028848507e-05
3.554336324956699036e-05
3.253282460216020159e-05
3.416449933771345760e-05
3.454706379110417363e-05
4.401949159659951437e-05
2.964461684432067101e-05
2.838649946895026107e-05
3.421785062690416114e-05
2.278873727154924096e-05
3.830347732622877706e-05
3.234699233087833545e-05
2.781696190282428492e-05
3.664146097515037564e-05
3.122879691963628549e-05
2.873944099562220861e-05
4.426324742587071893e-05
2.306212717594305920e-05
3.216441119391710390e-05
3.116691279667372911e-05
3.898206687194612528e-05
2.919653804338743450e-05
2.906763928119213231e-05
3.319059417302288201e-05
3.966968531381599283e-05
3.162620243958571626e-05
2.846124179774870791e-05
2.611509308361630166e-05
3.424567913065044685e-05
3.571779988878526397e-05
3.186090213418720749e-05
2.089359331473568480e-05
3.178729188712965919e-05
3.149830997705176019e-05
5.490059551548063691e-05
2.892800634548680369e-05
3.158535401428863777e-05
2.488751939653771240e-05
3.290780266694142586e-05
3.014358719603642267e-05
2.679012771517689712e-05
2.715106501058425526e-05
2.246332337818416998e-05
3.382263722952593018e-05
2.377244354829144077e-05
3.328374290729937133e-05
3.542314935434189195e-05
3.251577540295660847e-05
3.006241596716006757e-05
3.347542800539628899e-05
2.031249775946722077e-05
3.759883837679665755e-05
2.769940698734401006e-05
3.329314258947417159e-05
3.266789328705479724e-05
3.793130969128987861e-05
3.015076893942140768e-05
2.366812228948348586e-05
2.991641033662046243e-05
2.733734623090772642e-05
2.444758743144105701e-05
4.132413713419648779e-05
3.366509274799060655e-05
3.858536653361794140e-05
2.518997501223551900e-05
3.075928340148442389e-05
3.426541015628607582e-05
3.904884021847793960e-05
3.068723618927550061e-05
4.507231161290703230e-05
2.370885937901354263e-05
3.259674892013106774e-05
3.411344302632268250e-05
2.495097045351948861e-05
4.166237770261548300e-05
3.242492298820790354e-05
2.726833415315579561e-05
2.851430620007867786e-05
3.402293334911391887e-05
3.059513805345746070e-05
3.425722530514562126e-05
2.520568109512227054e-05
2.698351876247544992e-05
3.508068464543790028e-05
2.014487889584077869e-05
3.398344408889269694e-05
3.943229949605454138e-05
2.633186675994207137e-05
2.409669827459679943e-05
2.482646244569321203e-05
2.291462782318656047e-05
2.549251362925451103e-05
3.182885440757575094e-05
2.890074872319545364e-05
2.985004632849768606e-05
3.257920103949441969e-05
2.907236706171535527e-05
3.517478988824028426e-05
2.398810740165378152e-05
2.224365339067973024e-05
3.118108618160207534e-05
3.381963992022079239e-05
4.451657642062879024e-05
3.117300982498677264e-05
3.073042974286564082e-05
3.483600314162474707e-05
2.352384428890996211e-05
2.747498407909478458e-05
3.619995715578279774e-05
3.490882253422628913e-05
4.048450749693108334e-05
3.588721659216457692e-05
3.595135805515432115e-05
3.568613866160777318e-05
2.760315360804742422e-05
2.551066900663303514e-05
2.630887897661552844e-05
3.050054745516006500e-05
2.792379493616169991e-05
3.458599882305469651e-05
3.252839056947987901e-05
4.231220822182866549e-05
2.726996353920126581e-05
2.241274820885005189e-05
2.990447845424944244e-05
3.423851660639745111e-05
3.560235137496128822e-05
3.178960971292488647e-05
3.466249717053704034e-05
4.245775399339207860e-05
3.621210902169093803e-05
2.782574295627308745e-05
2.783566018244145316e-05
2.677724830268450270e-05
3.551146079515593091e-05
4.187098168123893380e-05
2.872908173662859645e-05
2.397089286495605187e-05
4.377512515742625922e-05
3.271437548296804719e-05
2.834432378475960191e-05
3.167419519954477598e-05
3.874211792846982827e-05
3.394138419207059875e-05
3.221308789966442640e-05
3.885372245687892341e-05
2.598553438860395088e-05
3.238074520280919441e-05
4.038680361706109567e-05
3.072252706213731029e-05
3.263507444504523648e-05
3.994037852970484830e-05
3.123125341551779758e-05
4.537480056662634721e-05
3.348379395138515022e-05
3.053952226187117399e-05
2.312783423382535808e-05
2.505392740461852955e-05
3.670210346696501887e-05
3.703632009695624752e-05
2.625102871059990691e-05
2.249569312877756956e-05
3.072712579743321288e-05
3.218992361705534801e-05
2.774064370997023733e-05
2.859861164551228031e-05
2.762675390105387202e-05
3.517828607032347048e-05
3.437090200913527608e-05
2.623059423409405803e-05
3.000720010385795510e-05
2.384536087989571243e-05
3.568388732766593065e-05
2.578857591758055011e-05
2.760856437785821980e-05
2.769680966209981711e-05
3.426047740323269637e-05
5.260178071952941012e-05
3.407277516925652408e-05
2.998637713087055293e-05
3.233034044023864605e-05
3.873063000952328650e-05
3.281968024747522976e-05
3.545214745191172261e-05
3.620089627612429421e-05
3.698063734641539194e-05
2.806432652713533485e-05
2.728028908302501779e-05
3.125483375235640329e-05
3.159893953267744489e-05
3.132923462664243284e-05
3.089481816938177846e-05
3.806493721547010793e-05
3.297185036038087909e-05
2.921161021296475799e-05
4.282663936622549704e-05
3.444747274534789064e-05
3.168834946793657565e-05
2.637400838197771069e-05
3.277842488865900257e-05
2.858219723612852396e-05
2.835201828544991841e-05
3.775662624717943496e-05
2.931583229467819409e-05
3.361832236617177711e-05
3.090703376151266314e-05
3.035781200920816507e-05
2.345999647200345311e-05
4.126137976818326032e-05
3.165524456708818053e-05
3.457029862011568489e-05
4.071216224127399669e-05
3.245541801793600081e-05
2.407336381438112587e-05
3.344496065725837287e-05
2.368185998207921378e-05
2.833526622882801059e-05
3.197387141574389901e-05
2.282337808709678507e-05
2.330460404723409237e-05
3.530597448098828181e-05
3.571865213435063618e-05
4.694515439005316978e-05
3.479800013225812442e-05
3.067812663699100048e-05
2.765551374603803289e-05
3.594789733050084509e-05
3.372609855959704989e-05
2.621794139848573251e-05
2.618895753846425052e-05
3.404854208035184177e-05
2.273503430279675999e-05
3.566677506250748791e-05
2.866807101515182516e-05
2.513214848851072532e-05
2.640832369280882248e-05
2.586079309469626315e-05
2.949341169256328372e-05
2.748514815702658302e-05
3.451701617833197091e-05
3.444417983406654712e-05
3.579819422796733965e-05
2.561905790388202677e-05
3.808571298488707129e-05
3.469386675068373248e-05
3.303321456680591251e-05
2.718388622165713556e-05
3.578663476678006550e-05
3.701679664534659976e-05
4.217964108277624460e-05
3.729813289582231141e-05
2.809754437082922888e-05
2.374073423581270627e-05
2.357299894557209215e-05
2.849175696058676031e-05
3.377355764079379455e-05
2.543621521279922323e-05
3.803497605116709727e-05
2.959222180710340938e-05
3.220493596558785578e-05
3.850340361428157099e-05
3.511299316811111179e-05
3.543347193510609089e-05
3.058873458749845442e-05
3.305615422868385709e-05
2.630193582885046900e-05
3.226137157002575994e-05
2.814052751203326302e-05
2.742026367113965530e-05
3.585252465511675033e-05
2.953270283660607820e-05
4.258001078769646947e-05
4.204224882883389556e-05
3.726628455783232666e-05
3.653371013954800678e-05
3.103887947520927602e-05
3.430374724594718026e-05
2.862289560295418932e-05
2.690988934366711599e-05
2.930709344442868051e-05
2.854847073647171271e-05
3.623254246151491782e-05
4.312487521030081432e-05
3.402482879565636357e-05
4.304610022391717225e-05
3.042095442935671137e-05
2.176196730707751311e-05
3.141422268470530526e-05
3.453806925650221938e-05
4.229704176846292042e-05
2.553598073854478043e-05
2.314696743613836588e-05
3.262206205101542220e-05
2.157969717678154053e-05
2.627786901195311190e-05
3.147936494253114533e-05
3.192125343543528453e-05
4.353959983044771988e-05
2.404118346686122949e-05
3.710003260850384255e-05
3.462843473585277312e-05
3.585752516762511844e-05
2.693614234943195599e-05
2.672045689616772156e-05
2.392626528245920875e-05
2.497261131218178422e-05
3.398277603388091502e-05
2.722501848500844687e-05
4.002639053459782392e-05
3.913470732303670478e-05
3.137716138200070720e-05
3.258717541741930373e-05
3.950673892045302078e-05
3.211452141031772472e-05
2.544415434965585819e-05
3.390120334709957497e-05
4.632641346141654922e-05
3.215725358469956850e-05
3.682858910883349984e-05
3.120789799560360527e-05
3.408141787935349022e-05
3.702091557623970997e-05
2.594414634866505672e-05
2.399068716294877466e-05
3.331692487872082770e-05
2.617799373850910054e-05
2.802881041137458742e-05
3.096965448040769577e-05
2.339699168873569821e-05
3.648271560097539524e-05
3.147927251400470391e-05
2.637485777731516924e-05
2.750866330166018458e-05
3.690079545051103805e-05
2.672630263335531756e-05
3.120865771853514273e-05
3.717879661286086298e-05
2.516447010659499404e-05
2.491581209539745739e-05
3.181664739424598789e-05
3.309699707189084757e-05
3.464766383488103560e-05
2.765840339213334478e-05
3.457317552362071237e-05
3.156176115076235065e-05
4.710800229805029674e-05
3.278988696671966251e-05
3.463598995900525645e-05
2.367514315801533530e-05
3.736524739236440554e-05
4.381180511003850408e-05
3.706810035500504553e-05
3.666893484034120085e-05
3.197720490622169226e-05
3.973954489847979210e-05
3.455974354537519870e-05
3.980028965569593177e-05
3.200979706035999965e-05
3.049272140869068763e-05
2.477317032002906440e-05
4.009136334451650162e-05
4.068570362344144738e-05
3.841540413172129652e-05
3.350801222898522460e-05
4.458514359505348515e-05
2.451836902304270542e-05
3.862110228715930126e-05
3.519017050826695001e-05
2.393471002804683340e-05
3.791835457641532626e-05
3.414725433203916335e-05
2.851932743335729262e-05
3.175305150771852669e-05
4.040643947442937431e-05
3.394346936051845210e-05
2.979221883824656442e-05
4.216502950708502846e-05
2.853358097481059749e-05
3.533812004359090507e-05
2.886663589957067552e-05
2.369065239995020309e-05
3.249535321901408913e-05
3.542666584220876435e-05
2.552331367479714134e-05
2.346306796189324284e-05
3.908380988788958624e-05
2.845505608275744760e-05
2.547108609622849510e-05
3.591171660425456229e-05
3.152386103451091900e-05
4.686339667808058260e-05
3.320910311781424134e-05
3.199289212692489344e-05
3.049669643128594227e-05
2.613679628738065319e-05
3.136238516113773396e-05
2.446782486708333053e-05
2.489609030873899258e-05
3.380808961172554347e-05
2.644168091405234880e-05
3.549166222256490042e-05
2.761219297502091083e-05
2.612592968532815668e-05
2.275290655135593090e-05
2.280691258858929992e-05
3.586667782057966489e-05
2.594782440430904420e-05
2.827751319169603152e-05
3.031310137765809182e-05
2.420110263998106933e-05
2.338861430162875096e-05
2.360285084942361357e-05
3.499480400507433387e-05
3.736618163049325298e-05
3.574821948805557612e-05
3.419104930292606579e-05
2.391356240032546396e-05
3.673045697916377467e-05
4.212675066830536447e-05
2.639004253213959387e-05
2.580946736503277939e-05
3.388241414296313327e-05
2.337650617659992728e-05
3.145539887483815724e-05
2.767967490935151678e-05
3.520205755550073615e-05
3.296210206981740171e-05
2.258202160106007058e-05
3.392642894750103375e-05
2.414743929031648904e-05
3.181419013098355924e-05
2.643241674515734869e-05
3.929492290371366361e-05
4.143668861961707911e-05
3.235698735033706196e-05
4.375213638055884795e-05
2.643438085135349036e-05
3.408635654504388107e-05
3.497921570808612996e-05
2.793199328645030725e-05
3.686838579498787506e-05
3.639030892439134630e-05
3.339358173672310752e-05
2.517235116484151797e-05
2.853522125125633344e-05
3.810894549492209655e-05
2.529905639162832528e-05
3.485265352247572315e-05
3.331871139360148586e-05
3.644106996981638451e-05
2.856814134993559625e-05
3.329482553295901915e-05
3.307424167820894169e-05
2.995933655644562792e-05
2.589851947842211974e-05
3.656496728491735623e-05
3.643210181888458801e-05
5.454473548577738865e-05
4.225241384597772489e-05
3.386606984927204099e-05
3.225406234371022479e-05
3.332750294765398442e-05
3.193962796332022573e-05
2.888031976090166400e-05
3.394943394235270986e-05
3.638872342864690035e-05
3.483356556824654263e-05
2.638048041939681154e-05
3.128512999219219777e-05
4.560905164494144623e-05
2.467290091924780390e-05
3.542628850368574037e-05
3.853382466311334196e-05
3.530085269232919785e-05
3.513724067605440260e-05
2.892029762561573966e-05
3.602744027828500689e-05
3.374908007884497475e-05
3.473091925401682078e-05
3.356976735322821743e-05
2.514109415179592658e-05
3.368666512523923020e-05
3.044561464581663210e-05
3.240695738375078968e-05
2.700112640234759477e-05
4.063875946317800782e-05
3.736263968421355046e-05
3.168632343315082095e-05
2.507262113416501651e-05
3.331824917615783808e-05
2.320066206935663222e-05
3.370043649416167627e-05
2.958490088028969890e-05
3.137645386331616460e-05
3.310641535756086377e-05
4.360832936440628605e-05
2.949224224343679151e-05
3.439465310123765158e-05
3.644743696685271469e-05
3.910219369299242380e-05
3.205138476144410231e-05
3.677557562148122512e-05
3.112315265975025173e-05
2.503722491765869373e-05
2.754222686299421906e-05
3.337708253868869551e-05
2.810701976252970042e-05
2.915525909336089271e-05
3.303668616675007393e-05
3.101631440221039131e-05
3.635583418447864098e-05
2.573571052322179821e-05
4.231341096871015287e-05
3.408810648299742387e-05
2.984697531501746771e-05
2.199699992084948021e-05
3.455467640426066768e-05
3.317537706667460294e-05
3.597990493482808349e-05
3.301499540655880745e-05
3.043949186233157954e-05
2.564428234046565059e-05
2.710559578301506087e-05
3.469688771426227518e-05
2.961703427935533274e-05
3.910950882290372034e-05
2.936406210653666501e-05
2.819732811052520099e-05
3.123983833496610696e-05
3.053956992238663471e-05
2.581163728841954651e-05
3.511371170834828246e-05
2.497767120669288195e-05
2.859591148305943241e-05
3.752003328688672889e-05
3.724691961431484907e-05
3.171886831782348357e-05
3.432241395218102621e-05
2.956021769261880895e-05
2.641593723166451414e-05
3.080233083730505531e-05
2.704424609030241987e-05
2.220231069779920964e-05
3.032075422364621917e-05
2.795518627825197114e-05
2.886428195923623942e-05
3.694162479616337172e-05
2.865834650295187618e-05
2.949708086225145048e-05
5.057834668173390082e-05
3.323407491157898868e-05
3.626519458494513410e-05
3.397395298936434438e-05
3.262490445929865297e-05
2.643218839248200768e-05
3.187361828228802265e-05
4.408340614469098310e-05
3.617990440759442933e-05
3.180077539473962069e-05
3.163708259196234456e-05
2.951062608760819027e-05
3.504673978446478278e-05
2.995789268344718656e-05
3.385584322024594024e-05
3.660485540834991779e-05
2.962176765311814178e-05
3.494230373329946924e-05
4.052686300355908878e-05
2.402799592646721999e-05
3.344730666384346869e-05
3.263892190219109678e-05
3.433252199656605782e-05
4.159623029316990934e-05
4.071026186096187772e-05
3.182175057188149484e-05
2.943232162243124492e-05
2.997487867177579595e-05
3.660310687609296548e-05
3.313758695608424575e-05
2.642858434068363357e-05
4.248546082260821924e-05
3.411694511625785548e-05
3.053134390246697904e-05
