9.870511857277492265e-04
9.465541649417361092e-04
9.870511857277492265e-04
4.673314620844410251e-05
2.686892053616053678e-05
2.775426425565598467e-05
3.404302516322419851e-05
2.682185618748945312e-05
2.426929910323421616e-05
2.826072200469882599e-05
5.694018891653070081e-05
3.239906561658341443e-05
3.605020961561117309e-05
3.205751158687294327e-05
2.195878433680778787e-05
2.923892788625960485e-05
5.089189503360704123e-05
3.568072494892421192e-05
3.338233435171749568e-05
3.169318061257085493e-05
3.491973307514581611e-05
3.282594595423739779e-05
2.308823767881016919e-05
2.373938915555536967e-05
3.409331451572451344e-05
2.528300385038765501e-05
2.734259860445051329e-05
3.215580113853938485e-05
2.948878138788177991e-05
2.974828331534367599e-05
3.263454469593442714e-05
4.000025409706589445e-05
3.412498167841570857e-05
3.380539044052412873e-05
3.784434515356038104e-05
4.509224594827381975e-05
3.887798922367900517e-05
3.028974163090836184e-05
2.394218265560276257e-05
2.904135728722219629e-05
2.505135893143816821e-05
3.667115044475279450e-05
3.463241950568437101e-05
3.272353415920833210e-05
3.516342230977796994e-05
3.592604322988295182e-05
2.435709091172618323e-05
2.793486093333106244e-05
3.929768545769036397e-05
3.130883795283683087e-05
3.595135011896894800e-05
4.183663228257119350e-05
2.867535588971378228e-05
2.409314792252967486e-05
2.414593982555444349e-05
3.275506075808813650e-05
3.887003309946527902e-05
2.633556560635709709e-05
3.691683622685335714e-05
3.215858643768035774e-05
2.777171501811446513e-05
3.337106643438010151e-05
3.172925388168246918e-05
3.493375896618323485e-05
3.115418263876745223e-05
3.161863712260733845e-05
3.102842769352032437e-05
3.587623518426914749e-05
3.556159232539578394e-05
3.580461283307928447e-05
1.753644939782937726e-05
3.480848131309987958e-05
3.661769219940066126e-05
3.794289374576187077e-05
2.319236705501508957e-05
2.521331676742357493e-05
2.362714909744189796e-05
2.874377331843953637e-05
2.675290685240385005e-05
2.826421294484472637e-05
3.036343665113706240e-05
2.993067576717491768e-05
3.650181985473383408e-05
3.429541705994248557e-05
3.475321881266336618e-05
3.187105476791769965e-05
3.729936649607033198e-05
3.356813983131232886e-05
3.806457161849665684e-05
3.055479106021962067e-05
4.354471436216356822e-05
3.542064576113286350e-05
3.646203633973997121e-05
3.039687637384827558e-05
3.014544599950474008e-05
3.916123835044152944e-05
3.539636160183592874e-05
2.279276767784955718e-05
2.653931416678854626e-05
3.367207401362099580e-05
3.448140658128328673e-05
3.219342144120080707e-05
2.996441296135347076e-05
4.457709777532839186e-05
2.146223973745232464e-05
3.432829463298349806e-05
3.632513035635032280e-05
2.823044541751460455e-05
3.167812622679499807e-05
3.209686212021736383e-05
3.008222949768116135e-05
2.587825809177178230e-05
3.434297114437666456e-05
2.595385014580071180e-05
2.962744431530424768e-05
2.256885469747505453e-05
4.589539353001015364e-05
3.208364310875207447e-05
2.469978421775097439e-05
2.672213612424684286e-05
1.958058598642540787e-05
3.083126039703262106e-05
3.419075067096880206e-05
3.809432889817709010e-05
2.463740137947619666e-05
3.488704518523571380e-05
3.254910978731935495e-05
2.426789184342121290e-05
2.515455824231730154e-05
3.228859571963389378e-05
3.169429087432055250e-05
2.970006117618493379e-05
2.367645387843721639e-05
2.740569567886761736e-05
2.345603996037721477e-05
2.773426965217241290e-05
3.707708956680422045e-05
2.473322478988382195e-05
2.869302895596709783e-05
2.773197083372892877e-05
3.144664656629895128e-05
2.847326556986362603e-05
2.619091595804685861e-05
3.443527701018247024e-05
3.489730192891366206e-05
3.202361248924688998e-05
2.582188855662618143e-05
3.635200984093455215e-05
2.910071283306366996e-05
2.958424501408961062e-05
3.414555685157395201e-05
3.125547455457100505e-05
3.044358561872177575e-05
1.807068559823240647e-05
3.446538423312242702e-05
2.932671425356994462e-05
3.067815778074983019e-05
3.246405211359924278e-05
3.287063641137753789e-05
2.617533915708550245e-05
2.276603094174230719e-05
3.408942490205253977e-05
2.361143215904351047e-05
2.800657223437803540e-05
3.122707694771900721e-05
3.144997650604351686e-05
2.521116410471854942e-05
2.801238600314548196e-05
2.477898480279880711e-05
3.423522493363448968e-05
3.317601949819716034e-05
2.617864089618163062e-05
3.161657574291344469e-05
2.301325457592530010e-05
2.334575568606371353e-05
2.217163397091758044e-05
3.201049918717000723e-05
2.684461996554893910e-05
2.611563750541218517e-05
3.114631282433181011e-05
3.601056968397835169e-05
2.883490541692710721e-05
2.806351409671185179e-05
2.832038613799346032e-05
3.211490558470720953e-05
3.801494001114220033e-05
4.448701152824296946e-05
3.733616477131541673e-05
3.651075421047470101e-05
3.191658138182324194e-05
2.604204108389221106e-05
2.995431985047174598e-05
2.443279025353069006e-05
2.996886905101635618e-05
2.568376934799432640e-05
2.422081841166268069e-05
3.365481600164433370e-05
2.973824997893538777e-05
4.037215373326395165e-05
3.233024239470891608e-05
2.734591559398538425e-05
3.188784858377542014e-05
3.098249060052993010e-05
4.072394920902801810e-05
3.476467514526392885e-05
2.605141615156640836e-05
2.270883293516167984e-05
3.433504366659952031e-05
3.128157197254646164e-05
3.397620182689931067e-05
2.080479476081373598e-05
2.434373279098741267e-05
3.475266766891337022e-05
3.439815797320452321e-05
3.017905663203469092e-05
2.477167864082463480e-05
3.652593018028472608e-05
3.781093556782842100e-05
3.669692865206466617e-05
2.373098660841018164e-05
3.341022873840185673e-05
3.339413527041993224e-05
3.325900932606523056e-05
3.980470855853286520e-05
2.777666683381169285e-05
3.060660262112715769e-05
3.494204709144657867e-05
3.104800949229368157e-05
3.010545689740601490e-05
3.555073372184338373e-05
2.216882836839031599e-05
3.068095882112804878e-05
3.446094482975420802e-05
3.161280793393270931e-05
2.886900139432753561e-05
2.134658677059329403e-05
3.120545886967041413e-05
2.274517031382601354e-05
3.462795162594188504e-05
2.858925297710049031e-05
3.123723162824023513e-05
3.227610924419879111e-05
4.420949966872915905e-05
2.530365497254031661e-05
2.488179038435926754e-05
3.231968415907370684e-05
3.301413392476291433e-05
3.418138689516224643e-05
3.396124266345457258e-05
3.094691582879458079e-05
3.001831018462503483e-05
4.110167051626004679e-05
2.660818753935034156e-05
2.974050917607922251e-05
3.245911246858436774e-05
2.359758178966174950e-05
2.233064853415657171e-05
3.517560013481551466e-05
3.176127086055145917e-05
3.001074508825242741e-05
3.211245489992658585e-05
3.576201725523284045e-05
2.172301076100833795e-05
3.231831712993494057e-05
2.895834278551008990e-05
3.417291108665900857e-05
3.304666863225848273e-05
3.230255242524182559e-05
3.580225189125926186e-05
4.069970106054324053e-05
2.810705088675908439e-05
2.543332540285245534e-05
2.328332695263772418e-05
2.837609034821582084e-05
2.731706008798758060e-05
2.808677903294932353e-05
3.568275929775317323e-05
1.654903249514145207e-05
4.165268621093362334e-05
2.312657403373501023e-05
3.095386805952668474e-05
2.463615434162873052e-05
3.067887268969873762e-05
3.422452258324306643e-05
3.360669155207765036e-05
4.519769580322075989e-05
2.079398225406445464e-05
3.676944092002535768e-05
3.765185303787681555e-05
3.694751135312463570e-05
2.856790480586401433e-05
3.265508711305961615e-05
3.441976252244001639e-05
3.378179014133304614e-05
3.289596155186520581e-05
2.675522800554162921e-05
3.698206717646946451e-05
3.606944810435072055e-05
3.731175102517942662e-05
3.875832088485563068e-05
3.140296881477635019e-05
2.747291990079705692e-05
4.245107973718903710e-05
2.736705033930087759e-05
3.522488011206746737e-05
3.973390666635102003e-05
2.809655243199036064e-05
3.439674607964238943e-05
3.814364121257817554e-05
2.137283675070403882e-05
3.392907469927904985e-05
3.441277707774284620e-05
2.259510557815490835e-05
3.615506865753197966e-05
2.321878080544539881e-05
2.094684366824102782e-05
3.417371232790019676e-05
2.290143935307638432e-05
3.769533129238515114e-05
3.075150293596922211e-05
3.475360487474736694e-05
1.778173364791562665e-05
3.602895115961548091e-05
3.838698789213042608e-05
3.215517723937043055e-05
3.386306297128501713e-05
1.994396249406644431e-05
3.846750051106799853e-05
2.220241127298104250e-05
3.444888338189745720e-05
3.217742289673941028e-05
3.267552141209954005e-05
3.486204570677342801e-05
3.992462546273518561e-05
3.527995883136702491e-05
3.030294227829547247e-05
3.246873650454691981e-05
3.453945204502940881e-05
2.667941259214598172e-05
3.555962051328364189e-05
2.394046193390116897e-05
3.452982837007456890e-05
2.810436583946288749e-05
3.398646541151473661e-05
2.999800647384704550e-05
3.769146394462386386e-05
3.120205509315866310e-05
3.368182376897388354e-05
4.601613260666367455e-05
3.023956397749788449e-05
3.353945588924668060e-05
2.814728646496809331e-05
3.201612508270364817e-05
3.165767011338647112e-05
3.126590541558775933e-05
3.545453064543606955e-05
2.814502872254208806e-05
4.943272215549884927e-05
2.399877295046779090e-05
3.569177268586812334e-05
3.539355159209104501e-05
2.835457499443814398e-05
3.940737031438530040e-05
3.744440788954202346e-05
2.447232884985079147e-05
2.664574444710933807e-05
3.681297215922992716e-05
2.723681362557322068e-05
3.418111848475519353e-05
2.553273044331067044e-05
3.570458379977204310e-05
3.263453135467214169e-05
3.268185482921112715e-05
3.566736741585408463e-05
5.046974422711235830e-05
4.007854140278260943e-05
3.919102659963620826e-05
3.737134491562110760e-05
3.436148990202276274e-05
3.217584469350394112e-05
3.927874521640793638e-05
3.223356083515484136e-05
3.689122456950650090e-05
4.080011276790356510e-05
3.173411764885638719e-05
4.091573007041726483e-05
2.930593435846101587e-05
3.557713816921948924e-05
3.057101825569407815e-05
3.065840023618602098e-05
4.098762918946650453e-05
3.989625394472772596e-05
3.191566163921372200e-05
3.638370098792849779e-05
2.899424022228539309e-05
2.538914842254789335e-05
2.484799331441403991e-05
2.732758617571314354e-05
2.401770582120007455e-05
3.129513621027948304e-05
3.582649985120820699e-05
2.486441534910828469e-05
3.572395175574439636e-05
4.054318928304005557e-05
3.278742683231974269e-05
4.070881099106892089e-05
2.602848459613674620e-05
4.102482396049376631e-05
2.645144744996918800e-05
3.633483228605518698e-05
3.388288332556401892e-05
3.166767358261596082e-05
3.075040360429507442e-05
2.277439871477716988e-05
3.484079779704953847e-05
3.134565478887145831e-05
3.413695758379978401e-05
4.847355182896604840e-05
3.652590779794303883e-05
2.819692404782650242e-05
3.043478599084391647e-05
2.994155123785237837e-05
3.765319080390622399e-05
4.557902781373307245e-05
2.940287272184450941e-05
3.473511320189081908e-05
3.059650891468443140e-05
3.565185470076804073e-05
2.572331792740920265e-05
3.366466402269805498e-05
2.691874720863242658e-05
3.415391211760973654e-05
3.941824506702663655e-05
3.014745253783247147e-05
3.191480054561495985e-05
2.742120385272459786e-05
3.007250277560124862e-05
3.434581656956130094e-05
3.010359209045123898e-05
2.716139813012253802e-05
3.384137512854670522e-05
2.660390246891687716e-05
3.470257070856290130e-05
4.042488007385493563e-05
2.797863563852388054e-05
3.097631266121619528e-05
4.577842645293514061e-05
2.255221208142911614e-05
2.533577103327484527e-05
3.270521562955581594e-05
3.189870018340336172e-05
2.676212024389615135e-05
3.978443608454724069e-05
3.483774517743453390e-05
2.442047900075788470e-05
2.882345211699328651e-05
4.360272327192690176e-05
3.750031796036249013e-05
3.497124499787025216e-05
3.149347192453114249e-05
2.594066876360316280e-05
2.745668412935032730e-05
2.623776834103275476e-05
3.660095675020841831e-05
2.284524551046857900e-05
3.182421374492215127e-05
3.666071373748125162e-05
3.002974733696951010e-05
3.084098280662589349e-05
2.603136452571972419e-05
2.512377454194012334e-05
2.714544615535907505e-05
3.434869896362859759e-05
2.262910446893184001e-05
3.035342513705700004e-05
2.677451669650135843e-05
3.811356433140072105e-05
2.871477403518549160e-05
3.676463592951946806e-05
2.562328457370085518e-05
3.511757508499133569e-05
2.510091017319296178e-05
3.359169725713213574e-05
2.681158885768158094e-05
4.229770214223102683e-05
3.306083908040771316e-05
3.357508044977639412e-05
3.376804892439370356e-05
2.936623856514657669e-05
2.888986309594333531e-05
2.665555505457631107e-05
2.545591743888848295e-05
3.560162549978005049e-05
2.212428342614815188e-05
3.357380205858858367e-05
3.764423448237933509e-05
3.454546359332667289e-05
3.598029782341121449e-05
3.499729197993848131e-05
3.443902033192375322e-05
3.671970347563802432e-05
2.839028941899795415e-05
4.828766234952407100e-05
2.621388967735976920e-05
3.057725410762116393e-05
2.169510256405518124e-05
2.913797188433538569e-05
3.354221853123139167e-05
3.535822035227263179e-05
3.104015062361977894e-05
2.078469765089095158e-05
3.059501233525645415e-05
2.773391041268782442e-05
3.193583712564223475e-05
2.594177713416890749e-05
3.979093347848774206e-05
4.499249541568793045e-05
2.357242578985950391e-05
3.896342401448182327e-05
1.764712718011201154e-05
3.093275874127642650e-05
3.605178029032096747e-05
3.322452519301759407e-05
2.659407413402838029e-05
3.446995047433806781e-05
2.420833659790860593e-05
4.808989072968772115e-05
2.474785150212854772e-05
2.671890958154720110e-05
2.722507026305204069e-05
3.546779347176106506e-05
4.251141855470525854e-05
3.118299099207429051e-05
3.078120095748450806e-05
2.940240645720251789e-05
3.067401426084400247e-05
2.494021073614277807e-05
3.307229444516025460e-05
4.207935263737033537e-05
3.294590106939266109e-05
5.009051922739856083e-05
2.231742571262558897e-05
3.322717466845715990e-05
2.519233280028985780e-05
2.881432107430652469e-05
2.526816990978862046e-05
3.767601098736506689e-05
3.923600171835995318e-05
3.288032834523017941e-05
2.944263851203919805e-05
2.235984307682713844e-05
3.635985412564740182e-05
2.281336495183962606e-05
4.023466061248458437e-05
3.526965944357018191e-05
3.582579047324990242e-05
3.663522923764086386e-05
2.432079978134041247e-05
2.586595751457280859e-05
2.531463481506673310e-05
3.619935582571153686e-05
2.378004570126395308e-05
1.939319618389472377e-05
3.013095226434934568e-05
6.672236753118203172e-05
2.688871418928646682e-05
2.026628329591754961e-05
2.437345993392575524e-05
3.069259342511721585e-05
3.074204551332577226e-05
3.096550493395803432e-05
4.085696240011771162e-05
3.614831912309752229e-05
4.380045522087279794e-05
2.273856329863180434e-05
3.874505743820833307e-05
3.568571676525409135e-05
2.681965925111459397e-05
2.724785300029692762e-05
3.182599545347523907e-05
3.137579964259988114e-05
3.534636827449167551e-05
2.673126637126654122e-05
3.268075601173125745e-05
2.458332781810412202e-05
4.512157001036861472e-05
3.611425588750436888e-05
3.289348590101167193e-05
3.477892707526883224e-05
2.906461892879720242e-05
2.220262876005483349e-05
4.215079418346824434e-05
3.845764587290850849e-05
2.689374839494962442e-05
2.986498732296906573e-05
3.396519090010449856e-05
3.391908325470746122e-05
2.873470862833051723e-05
3.212020936186860511e-05
2.924706664090133369e-05
3.202349295306487791e-05
3.545120473030911824e-05
2.245850732836711562e-05
3.038492587415367451e-05
3.804370626770333936e-05
3.159191332528350174e-05
3.008077914125160149e-05
3.454160864565276477e-05
3.127506382185829483e-05
2.593536584342489182e-05
4.420100753151769921e-05
3.344002386472737871e-05
3.358720929913256575e-05
3.417926990682858263e-05
3.634934026129761316e-05
2.586067720117480578e-05
2.748914427011878771e-05
2.937944870215143100e-05
3.885631159929160504e-05
3.792393986796215347e-05
2.392976794243158357e-05
2.871808125593139133e-05
4.765281236549606355e-05
3.291023352997587639e-05
3.541226044493224175e-05
2.727243429714324024e-05
3.363591924981464745e-05
2.722278339381451097e-05
2.767309649572064536e-05
3.350524570042557308e-05
1.905915021347113933e-05
3.138671746107450612e-05
2.618933702924951948e-05
2.378873811373095667e-05
2.882181393889930956e-05
2.513378310892364618e-05
2.818097884951629187e-05
3.082162046585174735e-05
2.927838905183742770e-05
4.237387504413615868e-05
3.500043693129563881e-05
3.427731260451947007e-05
3.746594798383409957e-05
3.422270213404868879e-05
3.654816051007429693e-05
2.930364315748755456e-05
3.802771241886095826e-05
3.507982471745273037e-05
2.314631028098774356e-05
3.540385982805471614e-05
2.758804553623026419e-05
3.246991234612230592e-05
3.817765096542462809e-05
2.275949363639913521e-05
3.870560679762159262e-05
2.981190589661507654e-05
2.246209113682974805e-05
2.604250082478594210e-05
3.258611948682396843e-05
2.931661959858557841e-05
3.097793172799579386e-05
3.208598661100872673e-05
3.026265319320450075e-05
3.134771168758149012e-05
3.155941462020262622e-05
3.271528797591020222e-05
2.624316796960496692e-05
2.834281740794141705e-05
2.376342867772342451e-05
3.177502535086700145e-05
3.695856029896996142e-05
2.320915031145436491e-05
3.630922198457967178e-05
3.252971180145179843e-05
2.216147487977916989e-05
4.222779480071091026e-05
2.500457995387722615e-05
2.192659436357335940e-05
2.739424044108390864e-05
2.739369963218411989e-05
2.592497290747608000e-05
3.026611780454357026e-05
2.651013222719630983e-05
2.501813150933960861e-05
3.412493752020429223e-05
3.756375891399867361e-05
3.275383584530947283e-05
3.186564942408784412e-05
2.696354911356440518e-05
2.805875065581110860e-05
3.273527940408896731e-05
3.266553608744699643e-05
2.697187311585076756e-05
2.578894598043975160e-05
3.227013340995592831e-05
3.441865894146735772e-05
3.518649381451407864e-05
2.577581823186255434e-05
2.050284695086637143e-05
4.427082992501423159e-05
2.492550609789424067e-05
2.964424092167522456e-05
4.039544773776497684e-05
3.130571569032464393e-05
2.042918389684350678e-05
3.499295381711881319e-05
2.925600622358860589e-05
3.835023784650725022e-05
2.529709631811688207e-05
3.296980086189885389e-05
3.392169209497794899e-05
2.199165712903989662e-05
3.646872409914813143e-05
1.440305170881374535e-05
2.542494792335704278e-05
2.334734690739662664e-05
2.230381393060374914e-05
3.168652354797205984e-05
2.525037214413758215e-05
3.199781948668638069e-05
3.651112598799530825e-05
3.434768879265885676e-05
3.842499156990114898e-05
3.853388881065980174e-05
2.929402938348317278e-05
3.452083126974505667e-05
3.559172433889843691e-05
3.503827557284739074e-05
2.549870646562527333e-05
2.839932646897818755e-05
3.361085745995643010e-05
3.133823326688987105e-05
2.049163388139249220e-05
3.572333051029602166e-05
2.802119299034384762e-05
1.875001831884476778e-05
3.573134084136697175e-05
2.606302342506113028e-05
3.189803624044711095e-05
3.078745761733153578e-05
2.796923883450200664e-05
3.567487866772456236e-05
4.233116788050629537e-05
3.117093664093932982e-05
3.253734011078150836e-05
2.981294487553005023e-05
3.360296672124273747e-05
3.237110975822863452e-05
1.664730442781953986e-05
3.370308191905377413e-05
3.537600721707677762e-05
3.118527915914124499e-05
2.748602671174592426e-05
2.987824656223138039e-05
4.318931135733728810e-05
3.060866610437372828e-05
3.164436827733752380e-05
3.090857843187213243e-05
3.172218408677297791e-05
3.854091082282644945e-05
2.539144126391770681e-05
3.454723802391342481e-05
3.625503782199309365e-05
2.845638287009267885e-05
2.846064449324587950e-05
3.241513044741528067e-05
2.294827357655861486e-05
3.290249501137660639e-05
4.300861163620010776e-05
2.587831648204434590e-05
2.613700644527324710e-05
3.812781395980104559e-05
3.674566237598178315e-05
3.294750790857219655e-05
3.281336274249772048e-05
2.568570455536495610e-05
3.232349142910247820e-05
2.810609823779831287e-05
2.782444189968203812e-05
3.662131336343588128e-05
2.873005847622911240e-05
2.924355294419913345e-05
3.466830065081747509e-05
4.191720233308886712e-05
1.431571312618505422e-05
2.439609999128129514e-05
3.438136382478886049e-05
2.387517991110639940e-05
2.651320622471468175e-05
3.265279035111911697e-05
3.230856730706550383e-05
2.945839277267248436e-05
2.232685525113815197e-05
2.964171460581576116e-05
3.319521737666476053e-05
2.692456094406524386e-05
3.565654390620311566e-05
3.701346599484971536e-05
3.302873321773253774e-05
3.314991473214253415e-05
3.338549571194550407e-05
3.448044259969990023e-05
2.519716367770272837e-05
2.224164034221056373e-05
2.817766452631153266e-05
3.200157978866766557e-05
3.567266519555932708e-05
3.954460356861704169e-05
2.530768973979584347e-05
3.372624679273026292e-05
2.717187984915159932e-05
2.218366527066999830e-05
2.898836068080036548e-05
3.927782699160529273e-05
3.947542939466171778e-05
3.498331501621886692e-05
3.201773177761987275e-05
3.143470505889190986e-05
2.570665751756204853e-05
2.493516405095664787e-05
3.664544885366538920e-05
3.927350280700745713e-05
3.559214531613692518e-05
3.211692542330332539e-05
3.138324130803505106e-05
4.520947383779755818e-05
3.506413561984235731e-05
3.468920318750893177e-05
2.341228439172055324e-05
3.193543356024306439e-05
2.746890911878189861e-05
3.220488424359538315e-05
3.622963198832143878e-05
3.638924472250362112e-05
2.998812533634380355e-05
2.703552908906649518e-05
2.961610700497852261e-05
2.298712342104315955e-05
3.810827983332582463e-05
3.029358846519867828e-05
3.736533671588432000e-05
4.029117940664025759e-05
2.675636695764326356e-05
3.166039846854669040e-05
3.269364840326567038e-05
3.444846474884190183e-05
2.629551240051200615e-05
3.522699678610528704e-05
3.329706085876786434e-05
3.649891889748388949e-05
2.962796633484519741e-05
3.181844517433579596e-05
3.352084125809583637e-05
3.504731956187829352e-05
3.329839259323209220e-05
2.714219401813513737e-05
3.347971967500099880e-05
3.859141016116278899e-05
3.636596145039458115e-05
2.857975248411688584e-05
2.790846306532090168e-05
3.296041817878842765e-05
4.650532478803415725e-05
2.629434841535277476e-05
2.291569118641157568e-05
3.321221078693353471e-05
4.235921593332310768e-05
2.933263451240419311e-05
3.077267984324795702e-05
2.859902435669464828e-05
2.975867409690492537e-05
2.817057632949602854e-05
3.025187121139695168e-05
3.463747293962504443e-05
2.736937823657696866e-05
2.598665277744817599e-05
3.314155518855283226e-05
4.391955104440559187e-05
2.982847869243855231e-05
3.785218268675230499e-05
3.255012153429685947e-05
2.952398457779030122e-05
2.977888112038415628e-05
4.647191039381197555e-05
3.410989703069678769e-05
2.213921892809912889e-05
2.872148611131739967e-05
2.396720128623893407e-05
2.944076084061941198e-05
3.182815896127236190e-05
4.039143694617682495e-05
2.907156781849311504e-05
3.060586699355258262e-05
4.999482080432657522e-05
3.330087267590265424e-05
3.185122607999947211e-05
2.940454365351287858e-05
3.220982046835982007e-05
3.494044131789229916e-05
4.018024350955932343e-05
2.868650476084783088e-05
3.429487952331455121e-05
4.245792124904627002e-05
2.404962953158025290e-05
2.773660976662653478e-05
2.514465061164387346e-05
2.844551563285249946e-05
2.617316730739364212e-05
2.812176558564971645e-05
3.213740510388130175e-05
3.734245530842804090e-05
3.645077424921431387e-05
3.688987008766227751e-05
3.843370834624535045e-05
2.783545574714915341e-05
3.537539734981795151e-05
3.290160406096418112e-05
3.807037711118369715e-05
3.132428158203308128e-05
3.209789315983491110e-05
1.971756648902558441e-05
2.945211956170090426e-05
3.375155591742744394e-05
2.003281592945400664e-05
2.893436090106759392e-05
3.379674621447854784e-05
3.172717898504373525e-05
2.647854669367052369e-05
2.528213031170564970e-05
3.426684095297065125e-05
2.764952195596496307e-05
3.038926156345623074e-05
3.637214283745673004e-05
1.754358358559565825e-05
3.331633217770709799e-05
4.229894918593375729e-05
3.680242777575162046e-05
2.298643671269418504e-05
2.927553339578427418e-05
3.769398332235980999e-05
3.387624536731722241e-05
3.079089322920577833e-05
3.463682716110964491e-05
1.923202777452342232e-05
3.438045063508048625e-05
3.386558438987594962e-05
4.230580472274985104e-05
2.910246266811260301e-05
2.419581560836095414e-05
2.463089885520766508e-05
3.221464388726108215e-05
3.209463169652173242e-05
2.057314514052461352e-05
3.285799187860220219e-05
3.544435160707883520e-05
3.328091473689542162e-05
2.616203045405795073e-05
2.756704150632677608e-05
2.900550192444162280e-05
2.261316895056828964e-05
3.331880249256814687e-05
3.744896873456948858e-05
3.030205571420389949e-05
3.603867033598600212e-05
3.189310983096105875e-05
3.210138118135282909e-05
2.718282911105668795e-05
2.351773830305096415e-05
2.954079707178522093e-05
2.616828825636952278e-05
3.194585126051024927e-05
3.815107670882408799e-05
4.793318049821810060e-05
4.664617899261706764e-05
2.564043076155210482e-05
2.229263498177064791e-05
3.419375663541166291e-05
3.206064987595808226e-05
3.652161484146881942e-05
3.101756401506241504e-05
2.713076647474622720e-05
3.457802414094752818e-05
3.514550553697551153e-05
3.450793940717814532e-05
3.396298366560281329e-05
2.364531768753420918e-05
3.615024537923817327e-05
3.982783409918401896e-05
2.432345605746424465e-05
2.427953902782679099e-05
2.678508264601912298e-05
2.898033290464640567e-05
3.099607567722636634e-05
3.118650166768804541e-05
3.404895182851359312e-05
2.586122210129761462e-05
2.392547803777873979e-05
2.817246297445002415e-05
2.976513526803673866e-05
3.249504137873811607e-05
3.966416449975040145e-05
2.639286409812735497e-05
3.561205793120675810e-05
3.597475182547685236e-05
3.800651686303684182e-05
3.728675241955623431e-05
3.678581531912613126e-05
4.533201006589258322e-05
2.614461221834516466e-05
2.657603150174174419e-05
3.272637840919021110e-05
3.251282883628021778e-05
4.098980267443364390e-05
3.658543793032576776e-05
2.680145593139749761e-05
3.198494606320044704e-05
3.282082410517451733e-05
3.144920360812684902e-05
2.743712192001728642e-05
2.911336535454074679e-05
3.624120742994055484e-05
2.724921863605873684e-05
2.352634144381901400e-05
3.151411772637956529e-05
3.092572340823309627e-05
3.262928993843700379e-05
3.269472617942758045e-05
2.345274312611379114e-05
3.124115656612752947e-05
3.432810453069250634e-05
3.593815974729515188e-05
3.485639173209814125e-05
2.545040106601004215e-05
3.257915371284503855e-05
2.168167175661204473e-05
3.693782163498045940e-05
3.444931099702417581e-05
5.230756883690477056e-05
3.063561050317712634e-05
2.334930256610066266e-05
3.710887586823584687e-05
4.685015297388964585e-05
3.679728070875786064e-05
2.855529229383224195e-05
2.410440364620389933e-05
3.606328865622123684e-05
3.447002978339116705e-05
2.619678406497704176e-05
3.641131191973937377e-05
3.433153449007049626e-05
2.358708312748959539e-05
1.898834643530609648e-05
3.803073605519390022e-05
2.749980015118405849e-05
2.628825108765674580e-05
3.047076150266795158e-05
3.040590546489004532e-05
2.820718362754144200e-05
2.245288390630903114e-05
3.511747277328315111e-05
2.635033253743177475e-05
3.426054783429555406e-05
2.267815134789684335e-05
3.654583398736328283e-05
4.162395666761015887e-05
3.710615259091679704e-05
3.087566740214459527e-05
2.428831981517961039e-05
3.549779962171675698e-05
2.360287618436987536e-05
3.545042880862323388e-05
3.411829207398481078e-05
2.730949910475983275e-05
2.959094442607943464e-05
2.811131793812863991e-05
3.517664644487186537e-05
2.560123379537332096e-05
3.626507183561583094e-05
2.594918837081602438e-05
3.263156292908781777e-05
2.459941522134468603e-05
3.423580763343297712e-05
3.449829302183300830e-05
2.400981745730132962e-05
2.734491494140482628e-05
2.477996520389330297e-05
2.647125459494633948e-05
2.696668319223231541e-05
3.439886425437183601e-05
2.565142426018964482e-05
2.918083283120508062e-05
2.954195983095068902e-05
3.073571606613665263e-05
2.739639546632933768e-05
2.556348639327676907e-05
3.567546583230430312e-05
2.650179339245948727e-05
3.044041291927511368e-05
3.087403305612854994e-05
3.154921997160769359e-05
2.342619203858645806e-05
1.802388057239455617e-05
3.479874090728229794e-05
2.727296234458277837e-05
3.203657596795663371e-05
2.964305975695977739e-05
2.713583569628107706e-05
4.044371010406138680e-05
2.211144973668004185e-05
3.224283727912008056e-05
3.251148720160882354e-05
3.319114467840929587e-05
3.055857109962965151e-05
3.567241481621565160e-05
3.467535736143918308e-05
3.581604033731324623e-05
2.465271622163110960e-05
3.070359077687108851e-05
1.918612272282699981e-05
2.815197666249581352e-05
3.199155067918712478e-05
2.915379254148816649e-05
2.488138026796600890e-05
4.207257289994621903e-05
2.614391296646936840e-05
3.544051509506492166e-05
3.557265181100880379e-05
2.313084959818721315e-05
2.570198468001450804e-05
4.185894889330100184e-05
3.616159956368230678e-05
3.398074966368905286e-05
3.600750792851747906e-05
3.641144610365236456e-05
3.190495951065629740e-05
3.383362116452681050e-05
3.016270482996354541e-05
5.276113299451750370e-05
2.295816685518328818e-05
3.559994400652836564e-05
3.223144125510314542e-05
2.879589133581685940e-05
3.362139743798286273e-05
3.367209973491567816e-05
3.336560909476817639e-05
3.147178817426298810e-05
3.373083183547410913e-05
3.082066304589786937e-05
3.537546079087306122e-05
2.611477456555415626e-05
3.478588131965648167e-05
2.807197753712622660e-05
3.567763699990118169e-05
2.633244602382823417e-05
2.840756839064808654e-05
2.933782337174645530e-05
3.156317600836473222e-05
2.759657776361717964e-05
3.753668815568352046e-05
3.250238569904246238e-05
2.499745326143316219e-05
2.607316088402277806e-05
3.691199942796838282e-05
3.403944782118564874e-05
4.609810946010966197e-05
3.745489388057730222e-05
4.025001089626224792e-05
2.814936909985898123e-05
3.470305784470570614e-05
3.753491675461661370e-05
2.479937684749457626e-05
3.216597692215292920e-05
3.230895364827702864e-05
3.626594806690240180e-05
3.184242507584317456e-05
2.898464136360736040e-05
3.720285265559690572e-05
3.084939531790117831e-05
2.674965082579154182e-05
1.804308939362920746e-05
2.298875093993125771e-05
3.080826468687124399e-05
2.738990017860031906e-05
3.015220956855309885e-05
3.316424964446689232e-05
1.883151112204147702e-05
2.322012334505737475e-05
3.613801571758513671e-05
3.130177420323154366e-05
3.542060833861477621e-05
2.996624497262104667e-05
3.485957973724667931e-05
1.873872062525506831e-05
2.859050092120908962e-05
2.910027169373976427e-05
3.063578085362177357e-05
2.561853963762890515e-05
3.881168743594964085e-05
3.833313438757233267e-05
3.132745778532621439e-05
3.787966984257333004e-05
3.478049147090990387e-05
4.010378081841844543e-05
3.342059898268570509e-05
2.535809413778891691e-05
2.404341096661033830e-05
2.871911671026362278e-05
3.157819675287426884e-05
3.293978786139514005e-05
4.549589298766610262e-05
2.881206594266895628e-05
2.559545640509993647e-05
3.386099280673123956e-05
3.366492238725195436e-05
3.214748760079211558e-05
4.315352206807086051e-05
3.358345669480401069e-05
2.897350958934726025e-05
3.596923923517623918e-05
3.018622123872355428e-05
3.480533095762698210e-05
3.595433269816698455e-05
2.748407529395903871e-05
4.518580248343065364e-05
4.182312250287556943e-05
3.346770909907701970e-05
3.713285565566731502e-05
3.400859881829359317e-05
3.279941731723822948e-05
3.693132936793954108e-05
2.848663756102807524e-05
3.510351659450085238e-05
4.185098271826033793e-05
3.356886052474101080e-05
3.432368472626099836e-05
2.352368924462965732e-05
2.619855153633392637e-05
3.245224955554940950e-05
5.053483978578292019e-05
2.764164465451159113e-05
3.160130987763152096e-05
4.090218893951044928e-05
2.816844320033724824e-05
2.489612019153887096e-05
2.868767732966938730e-05
3.767000680862105333e-05
3.227042249716784720e-05
3.686752722142515228e-05
3.752650761677025224e-05
2.734894506728952190e-05
2.087531518076402484e-05
2.496355131474550202e-05
3.957506916841755496e-05
3.121135792449702381e-05
3.043675595403611559e-05
3.453859202271924620e-05
3.322872349757952895e-05
3.348175353270318110e-05
2.237626479048315684e-05
2.807405897027111946e-05
3.746307470346526663e-05
2.883633659640515336e-05
3.003385833395783594e-05
3.564471858384155224e-05
3.619761191318029520e-05
4.877698367520657191e-05
3.954604017898506833e-05
2.659745986660742319e-05
3.349736848571261349e-05
3.293276328133947569e-05
4.050214694262555410e-05
3.085325280535261777e-05
3.537289541868845468e-05
2.513640312166972376e-05
2.890339955946283140e-05
2.822970784884344385e-05
3.311341610386939812e-05
2.530789909641086824e-05
2.292432811834231712e-05
3.287122897757306525e-05
4.148836694803118507e-05
3.594316341168388802e-05
3.172305654687144794e-05
3.385617218199204852e-05
2.465195595616776625e-05
3.263995529016000226e-05
3.266690526051910221e-05
3.284345403766515540e-05
3.416469857272284134e-05
3.354451608500478514e-05
3.972239134801878015e-05
2.664374784713711091e-05
3.162287778754948475e-05
2.851522472938029109e-05
3.252258532369796227e-05
3.557798888882763764e-05
2.434676022232299685e-05
3.549285431607996093e-05
3.460132956812081645e-05
2.968615567771377232e-05
3.445606926063348005e-05
2.785946806360260181e-05
3.557582224275487149e-05
3.835166954380847017e-05
2.564191800192171971e-05
2.745873079579749698e-05
3.273872921592710746e-05
2.475453598714207380e-05
3.411936140979989038e-05
3.539205125731492349e-05
3.037764143820888095e-05
3.079627854168472047e-05
3.889470572225915891e-05
3.564602448703044929e-05
3.402407192726219945e-05
3.497888806826425409e-05
3.065672033061874716e-05
2.754381707856571969e-05
2.167035266872781635e-05
2.584389375230266203e-05
3.436371257245236094e-05
2.633142109062560420e-05
4.289943360653098098e-05
2.764561316041440022e-05
3.528815883319055575e-05
2.738690381233656193e-05
2.727082078682968198e-05
2.807190127359010114e-05
3.699278015960963823e-05
3.292881254374425737e-05
3.385208317215076699e-05
3.064684199450907261e-05
3.512981149726186617e-05
3.305130684502492647e-05
3.058526735863036490e-05
3.265942830296636950e-05
3.739137723894612374e-05
3.864927321421395700e-05
3.301925982088896224e-05
2.457975193373415960e-05
3.499955421447212050e-05
3.252365560939889599e-05
2.810656145457679524e-05
3.375696746216156436e-05
2.282882484935226544e-05
3.374130044457431069e-05
3.242444600131174227e-05
5.357474936156638926e-05
2.933817792130156196e-05
3.444756590830202136e-05
2.922381850828212238e-05
4.323723012622380157e-05
1.899411720231720230e-05
3.738068027913519278e-05
3.972219943254253925e-05
3.431024011485170284e-05
2.238878440977650256e-05
3.028900723799394395e-05
3.670475609220283733e-05
2.796752743626162253e-05
3.051816009057764360e-05
1.888962182879138832e-05
2.898542093674759726e-05
3.717640711194499019e-05
2.732088704001652902e-05
2.796140694181823398e-05
3.500930974810414922e-05
2.848262012431996627e-05
3.696632744412288717e-05
3.457881467606325674e-05
3.538736287811964130e-05
3.516284255106021106e-05
1.989310433576457716e-05
3.414014812376505250e-05
2.935779984489018357e-05
2.891225031085088070e-05
4.114473250440275345e-05
3.677965175148700284e-05
2.712661982532626846e-05
3.461018674498871067e-05
4.065946976638406835e-05
4.303798499230472862e-05
3.734655934631297839e-05
3.330551415814630268e-05
3.569779083104151574e-05
2.057788982340102096e-05
2.931058550185734729e-05
3.003656026172034675e-05
3.700779978146576555e-05
2.917683356701621328e-05
2.423069442616229474e-05
3.284401824797164159e-05
2.970297825310612289e-05
3.384051945756252346e-05
3.202114107080169809e-05
2.569917604840459956e-05
2.404503881489680349e-05
2.688454440399383824e-05
3.496293943601977460e-05
2.883680407020079204e-05
4.202666279105394723e-05
2.885320302964686299e-05
2.852094882332939559e-05
2.994720973085202590e-05
2.482961678595303282e-05
3.377676967570402002e-05
3.393465827206792860e-05
3.787643526379123139e-05
3.322550696459322466e-05
3.302730236211939906e-05
3.238149629056659282e-05
2.700381108028421945e-05
2.890497948440984614e-05
2.912374647197880592e-05
2.362317645532769933e-05
3.229974898037200957e-05
3.179872906871117409e-05
2.778998855811789015e-05
2.369757832774917498e-05
2.339530804189053753e-05
2.905874645544900516e-05
2.425780677617901034e-05
2.826971116078132222e-05
2.669915643193536761e-05
2.280542793558930752e-05
3.530070971049908675e-05
3.060483492364274235e-05
3.617364852039430169e-05
3.327347467117272031e-05
3.832350576644117784e-05
2.855639516737607143e-05
4.904672192315635045e-05
2.328708988311045821e-05
2.726042816516601117e-05
3.108240265258320316e-05
3.040288076291715308e-05
3.900038954502356344e-05
3.093928301249729068e-05
3.049342623665951427e-05
3.058513768331198261e-05
3.209870528614596299e-05
1.862780730452725429e-05
3.386234997773011413e-05
3.034741734617833029e-05
3.070336035491351212e-05
2.396194147580727054e-05
4.001250398091572543e-05
3.158914346604121026e-05
3.629645432947924989e-05
2.946014064253665133e-05
2.465147664902876746e-05
3.442845990544953530e-05
3.452420812209706084e-05
3.064176588411211219e-05
1.799770226502800770e-05
2.255522827410315202e-05
2.992664527316079578e-05
3.891242076969265756e-05
2.722192562606256586e-05
2.604565117326939814e-05
2.254160308430758398e-05
5.077282350977277181e-05
2.198086119840008497e-05
2.505105572066840646e-05
2.465004803279142784e-05
3.597972259214154029e-05
3.319853103393815262e-05
3.264252217057904377e-05
3.519170200342207680e-05
1.869381051053464282e-05
3.510801240630241561e-05
2.261705919963181009e-05
2.962776183646662574e-05
3.690924989739083437e-05
3.675400432839383177e-05
2.462449667432587718e-05
2.827646722495552763e-05
3.422468204070189338e-05
4.033704552377167271e-05
3.934269949714795932e-05
2.248821572215066531e-05
3.481824812385382443e-05
3.525067291899746400e-05
2.637568512785836762e-05
3.495723262388545683e-05
2.005090676873887758e-05
4.255690227079092199e-05
3.219305608052032224e-05
4.534948031765775384e-05
3.433212405966387778e-05
3.378434497517463408e-05
3.661184113599188459e-05
2.795736919437186190e-05
2.952013175944289000e-05
5.238181702080361063e-05
2.500393629117831403e-05
3.358573304595587040e-05
2.456894636649063134e-05
3.049001327398627464e-05
3.756086011265726449e-05
1.960499195327166321e-05
2.689243884527868188e-05
3.295097724142548502e-05
3.358556220074163329e-05
4.247703584286778382e-05
3.659034088761028123e-05
4.244803994414058973e-05
3.721516253373682403e-05
3.117530941720289073e-05
2.308678430674031379e-05
4.541684693361092352e-05
2.241559234881142785e-05
2.443452867438897536e-05
3.860054029459735457e-05
1.845185694964493586e-05
2.182329978414253191e-05
3.669236859455575673e-05
4.165095638545457835e-05
3.932743764999325651e-05
4.703424386236524854e-05
3.195072280557697869e-05
3.328101427052818160e-05
3.222313267665231131e-05
3.645239182988981919e-05
3.613212002982190969e-05
2.608263786507784696e-05
2.369064438554229949e-05
3.168329058313711663e-05
3.414795942201805220e-05
3.476125085303814516e-05
3.832397526855849015e-05
2.878325800956412460e-05
2.640875288544837051e-05
3.442064983442727532e-05
3.754143062365476160e-05
4.281670115963416936e-05
3.713846855284595944e-05
3.301149090069920646e-05
4.528702102435318592e-05
3.273997908893810455e-05
2.674914271274722301e-05
2.466524458459305237e-05
2.646126092452710134e-05
2.884308868618783704e-05
3.083132898496104189e-05
2.100097304345128975e-05
4.344763382564942854e-05
3.491436350145857970e-05
3.112373120200600054e-05
2.724716662982346654e-05
4.311919642092317841e-05
3.514578899517923878e-05
2.980857515432236529e-05
3.003151896830116144e-05
1.622656339050064747e-05
3.340930297090864020e-05
3.581753869423847416e-05
2.097438499428169677e-05
3.180672994073471436e-05
3.206128395482828219e-05
2.151803820876190207e-05
4.741640118257596460e-05
3.261954329161541815e-05
2.691308956714227849e-05
3.737673293701006391e-05
4.173244604514663207e-05
2.788197605000264801e-05
3.168309742737092084e-05
3.414377111382381035e-05
4.196287329715022742e-05
3.472505265835913583e-05
3.464963464177612954e-05
2.587083003957098569e-05
2.666294300705974798e-05
3.149706687231158917e-05
3.841929529208161183e-05
2.821481911358456859e-05
2.284000123135746885e-05
3.412828604936171055e-05
4.998619852462180967e-05
3.529110660818299999e-05
3.438774389327070764e-05
3.629033996887453758e-05
3.171141783307098724e-05
2.991470420472975834e-05
3.055727015464412410e-05
3.261376964331031336e-05
3.003046838173419403e-05
2.945382076175514786e-05
3.311274721429666667e-05
2.645040978991843516e-05
4.244785220272389111e-05
2.724246708196007878e-05
3.173756173504763524e-05
2.297344232718941440e-05
2.736062118527535296e-05
3.828209594735137934e-05
2.680549916113785384e-05
2.530887653252328006e-05
3.506936960437630570e-05
3.377284531656038268e-05
3.456783515905483077e-05
3.055455739006036241e-05
3.397398404897035591e-05
3.426099934764082757e-05
3.510519348644164812e-05
4.945494775013176315e-05
2.859626207440271883e-05
3.711969476355298490e-05
2.122776409318434608e-05
2.216627376196358962e-05
2.906887216241728239e-05
4.049655849826236034e-05
2.448781798837001958e-05
4.279034963020334457e-05
2.715008191173954661e-05
3.254986499802676808e-05
3.625303270684846683e-05
3.207678939674966413e-05
3.555085532254320300e-05
2.648882964577627122e-05
2.048374594510975872e-05
3.265307960466431873e-05
3.414692607650327829e-05
2.721558156168440545e-05
2.841814001367710634e-05
3.018292868457881972e-05
3.282987646639956629e-05
3.186733749925746201e-05
2.651113451844352108e-05
3.261913749727497308e-05
2.981889519023921204e-05
3.352516339463157364e-05
3.151417159732332936e-05
3.025751269431405788e-05
2.698661267334861739e-05
3.216197203204700854e-05
3.109955997324604434e-05
3.228630458356667663e-05
3.541433882586860393e-05
3.083952972055093258e-05
3.378124115614628855e-05
3.625540511580769865e-05
1.594233803345664819e-05
1.827467720366983463e-05
3.670327404441003937e-05
3.364178296430350457e-05
4.065302058221769820e-05
3.448878876619337100e-05
3.457632165111613787e-05
2.310678490515164873e-05
1.821462053069511144e-05
3.332002721249601606e-05
2.735447012941872477e-05
3.267471516413429904e-05
3.226898845771718330e-05
3.608147626762053849e-05
2.660189031273066905e-05
2.665133703729768432e-05
2.581923763897362500e-05
3.426434316305090232e-05
3.206898848352003818e-05
2.485593261353149787e-05
3.727652165790654859e-05
3.321049729889221291e-05
3.729469177292401801e-05
4.271599002787049591e-05
3.292686884055257999e-05
3.377098905487604149e-05
3.285749739718686125e-05
3.203261117848396270e-05
3.745371574637172587e-05
3.513756846473030463e-05
3.392520752319712438e-05
4.101742277607512517e-05
3.630651684999907963e-05
3.158590217605202106e-05
2.641247589520092582e-05
1.899206681849182073e-05
3.386149667195059672e-05
3.127206267105867206e-05
2.174186116860194471e-05
3.082639212215147338e-05
4.387800193058106362e-05
4.018763038646048640e-05
3.611328053582716464e-05
2.673463686942737178e-05
3.973515622371691727e-05
3.005927812104803361e-05
3.381028361680718042e-05
3.871107356570213014e-05
2.930647094517291464e-05
2.954757966917689654e-05
3.495363920635419735e-05
2.536657797682564461e-05
2.831640126499636315e-05
3.040940915726467899e-05
3.386879966749991016e-05
4.135625668076174384e-05
2.864926590601470202e-05
2.339686157900091739e-05
3.562962936430515842e-05
2.860155471678498391e-05
3.274413116084287146e-05
3.823902995823177508e-05
2.085527226967192257e-05
1.731455502585117664e-05
3.332453815182121625e-05
2.511074118138041200e-05
2.398886070310842980e-05
3.846371855489112614e-05
2.480010700155154660e-05
2.580328811682051872e-05
3.358989436691651098e-05
2.432734449136879362e-05
2.316694306639883923e-05
1.616983511734970431e-05
3.554617523650298322e-05
1.802314564279201608e-05
3.683967653389694875e-05
3.069302503583874406e-05
3.098885280787043933e-05
3.998312853967450289e-05
2.849205782218890869e-05
3.324164505713075965e-05
3.248739144742399760e-05
3.629144700109254858e-05
3.060138404004167096e-05
2.374758495512338985e-05
3.693089528175094304e-05
2.993613404992396528e-05
2.534078881678376784e-05
3.385035367845068530e-05
3.788167627849395140e-05
3.715591483376500903e-05
3.061549248568770599e-05
3.454187673120637193e-05
4.644941438792633229e-05
2.962138049688263145e-05
2.907158146332737382e-05
4.336785535478672156e-05
4.295809027303869603e-05
2.667412222188850299e-05
2.299823334308827589e-05
3.239150733716603418e-05
2.882346025403818791e-05
3.127423465727689864e-05
2.674464131695061499e-05
3.287914593061005216e-05
3.623726235691188320e-05
2.996003317013091246e-05
3.465734308867777862e-05
2.717170700334211610e-05
3.900918547173156574e-05
3.181318220268599187e-05
3.554083997384072883e-05
4.162300080065792500e-05
3.278063964658395812e-05
3.143509073966735981e-05
2.912373541740275525e-05
2.341438777813215847e-05
3.285047624694839780e-05
2.259661236974579141e-05
2.799723096765565898e-05
2.813480177796149966e-05
3.208338391994768328e-05
3.526302845381718091e-05
4.545347127616626478e-05
3.109516316969781173e-05
2.949214373889026141e-05
2.623831473274551655e-05
3.170810672624951025e-05
3.079709415015778661e-05
3.539218757544903172e-05
2.853350825407251887e-05
3.165515546932866223e-05
2.565134035652191609e-05
3.158426243634175645e-05
3.496215570340452383e-05
3.103749128099509374e-05
3.343714459110628493e-05
3.435092510412392225e-05
3.681323310966645897e-05
1.968668345246316314e-05
2.897959939483803877e-05
3.289131910927216296e-05
3.126636910980251188e-05
2.750701550565800912e-05
3.192348157084396506e-05
3.288063978952145480e-05
3.583844654097778312e-05
3.339039212923503155e-05
3.335159567866620997e-05
2.762433921501721891e-05
4.385406611617011924e-05
3.012457058801453508e-05
2.572839045229910566e-05
1.578290267611562347e-05
2.692360834416821546e-05
2.596160473627974702e-05
2.548695075754994215e-05
2.215131655235525992e-05
4.102937434080947235e-05
2.963226781650274980e-05
3.705365127787023572e-05
3.739695346363098433e-05
3.582684881229539957e-05
3.406007039339110378e-05
3.651281644983346634e-05
2.976386241785530603e-05
2.782938923698281849e-05
3.091295369674009510e-05
2.282400864484393529e-05
3.541319833308410848e-05
3.606122425932442084e-05
3.497663015411305238e-05
3.630484959328820793e-05
3.554225027690959546e-05
3.582949024951692500e-05
3.505727077555319059e-05
2.771338523514014793e-05
2.876203153253726252e-05
3.288297654756385695e-05
3.146630558148313191e-05
2.670784677322540442e-05
2.856341466795742922e-05
2.693376232181275221e-05
3.244909868679245565e-05
2.653146718545836667e-05
3.706101631507713394e-05
2.525568814259577402e-05
2.803473811686657067e-05
3.196332640625785599e-05
2.547990689013887697e-05
3.453774820037893632e-05
1.903425984815104382e-05
3.540636914110781048e-05
3.054139725320417943e-05
2.752787053610400057e-05
2.717499175974404574e-05
2.767578440897186059e-05
3.452826002841612239e-05
3.673611387565247385e-05
2.177369153204130280e-05
3.311898748544145013e-05
3.380511120154759620e-05
3.665368408089195206e-05
3.175307867097303506e-05
1.897440752369285627e-05
1.898777825351071123e-05
3.094855325224542427e-05
3.030612676896048279e-05
2.107394314956139277e-05
3.583003140652357541e-05
3.801704765180812336e-05
3.127351018115869592e-05
2.810862335328672237e-05
3.584366075830416670e-05
3.348198816154107822e-05
3.604972196513422819e-05
3.365657566276946484e-05
3.884398726213465455e-05
3.206596834872229895e-05
3.058625841842249268e-05
3.216425706590207240e-05
3.320563746517188759e-05
3.852628091753934234e-05
3.413934912895114489e-05
2.801120945980923506e-05
3.225903295507095427e-05
3.283129215801756402e-05
2.023598281129921386e-05
3.040690427877929810e-05
3.385942014314862684e-05
2.648251128502342161e-05
3.540602860263533538e-05
2.679189070617387134e-05
3.020108262316977817e-05
3.639107710803393128e-05
3.462146579194188851e-05
3.147993255957786025e-05
3.176472436459421564e-05
1.766315096170821189e-05
3.612931308361199312e-05
3.662020437706552876e-05
3.591921445608126334e-05
2.607395856720695968e-05
2.042200844768708446e-05
2.493877613046401948e-05
2.980709004031082711e-05
4.592098243848677169e-05
3.615921098994669580e-05
3.521033385459357783e-05
3.499390944048527620e-05
3.442805034940607111e-05
4.391018873690085507e-05
2.559679665732020082e-05
2.829606047956399891e-05
3.645006272990416194e-05
3.986931242143002219e-05
3.465660340324484514e-05
3.735433861317580354e-05
3.001741493293130374e-05
2.810187531004825615e-05
2.996930711975689978e-05
3.812563042380338240e-05
4.367492229866819914e-05
3.974737915380622887e-05
3.425852058131664368e-05
4.198633710223092315e-05
3.182794149694729072e-05
3.413598002809875787e-05
3.265949163027151382e-05
2.465691492410359014e-05
2.773183168872890905e-05
2.876065933104886337e-05
2.491269763343162229e-05
2.850795876174756191e-05
4.052988817755925465e-05
2.402095305457753186e-05
2.691051362841719420e-05
3.859975024331916473e-05
2.332470848128593568e-05
3.541384170243508053e-05
3.545618465514055093e-05
3.490275362291990013e-05
2.298409196495726831e-05
3.560760557070303894e-05
3.778336147776409034e-05
2.613098943928833648e-05
3.665594744037011627e-05
2.835750847899200477e-05
1.954889260899094597e-05
2.779607682900140549e-05
3.305295631246235979e-05
4.454423169589502649e-05
3.879927638135450814e-05
2.702045705146334233e-05
2.503860092691604966e-05
3.572673263791927489e-05
2.911553541649403355e-05
3.310992106276618868e-05
2.439263930540048119e-05
3.978547303798851285e-05
3.312108095856692777e-05
2.657727667019040615e-05
3.163581550782600029e-05
2.742329735086748160e-05
2.521702281841164584e-05
2.824518382986345257e-05
3.566507936003643066e-05
3.727431669777217619e-05
1.848400037853097856e-05
3.827367106688716269e-05
2.790095258411991544e-05
2.640669609914190458e-05
2.641898765969457892e-05
3.200703464350367620e-05
3.673780617004556630e-05
3.583437632528152061e-05
3.344241010628016229e-05
2.381891005788902744e-05
3.707637251034828730e-05
4.190575075834929332e-05
3.382303109093406506e-05
3.575675239823146098e-05
2.976605771370798121e-05
2.885982096518016469e-05
3.316478027384866899e-05
2.050495569448079007e-05
2.585155208912459358e-05
2.818779616309615379e-05
1.713854793772851614e-05
3.506686419312161072e-05
2.357635524752411867e-05
2.544203847971799936e-05
2.157590651463218144e-05
3.343453266010247332e-05
4.308590037910340584e-05
3.854065258860417474e-05
4.620189677699607339e-05
2.365864677973191388e-05
3.285013977884210495e-05
2.828120021705909050e-05
3.421991456981173429e-05
3.648501701683820895e-05
3.287034687407205686e-05
2.644563743756140229e-05
3.586917412360604172e-05
2.038719611971069476e-05
3.759647049640569454e-05
3.073060340027518555e-05
2.914723721356261241e-05
2.842436865523949817e-05
3.733570205022102506e-05
2.433172494231262923e-05
3.434791122966101033e-05
2.800634964386904271e-05
2.442633212854034084e-05
2.308920915510033551e-05
3.272154759436508951e-05
3.258620959189465101e-05
6.313952206154452729e-05
3.994191421883360078e-05
3.245643269592680686e-05
3.056341953224263048e-05
3.133362587223066230e-05
3.528023053066338708e-05
2.626242445403820488e-05
2.378305122402757545e-05
2.827799530894167665e-05
3.698386111599760804e-05
2.395955200604296223e-05
3.455746358959873102e-05
4.587303985872700222e-05
2.725454005182896766e-05
3.188503715318886808e-05
3.068675833911154198e-05
3.576250888350871734e-05
3.524052128113928142e-05
2.364271683359358056e-05
3.015671736779266829e-05
2.836432403197604717e-05
2.892097880304934817e-05
3.406890977070269484e-05
3.718924165210735417e-05
3.034768226231664571e-05
3.214924890606935990e-05
3.052210334639160157e-05
2.433905240909543360e-05
4.504447365405699343e-05
3.439804343131995366e-05
3.264928366676074056e-05
3.663135402843986692e-05
3.290767159771177135e-05
2.883102163646547245e-05
3.496112478301492763e-05
3.112126156057485075e-05
3.423827313196716393e-05
2.997739977468533493e-05
4.007843526094773188e-05
2.840172611095455400e-05
3.416846017230391018e-05
2.711459319285907209e-05
4.133042978789295700e-05
2.470694886323080932e-05
3.520778953101337940e-05
3.965007429270289122e-05
2.835625190488554574e-05
2.064103888223308699e-05
3.254614617549053825e-05
2.622477386091068375e-05
3.994617803990795763e-05
2.581143651008975626e-05
2.590282239697982815e-05
3.450662309902154866e-05
2.380267226060414173e-05
3.361485680771768460e-05
2.613697580597996970e-05
3.421537279680617825e-05
2.591800189345973206e-05
2.745182175192845158e-05
3.084873355167416981e-05
2.394098170664825243e-05
2.411574119129174462e-05
3.094668889722795727e-05
3.081071614753048304e-05
3.448253638289869500e-05
3.107111263935346634e-05
2.940661347412374408e-05
3.838589195652389199e-05
2.420565408651291812e-05
3.077000370571618621e-05
3.422720639232357015e-05
2.224757238482372092e-05
3.600537807421484390e-05
2.772534652441792786e-05
1.733157886766438797e-05
2.466887857337808621e-05
3.574247919818158070e-05
3.574853052748390686e-05
2.351794741173399375e-05
3.352754324055065333e-05
2.348348124235033035e-05
1.974115859102746950e-05
3.922229255523966194e-05
3.386678697060331177e-05
2.309044930206099436e-05
2.726163493990494947e-05
2.373443948857800365e-05
2.269099019824065763e-05
3.120647166576392647e-05
3.443905616948291046e-05
3.386444053989835670e-05
5.284261716781565258e-05
3.428192456276169724e-05
3.644773407562831218e-05
2.850958875667363010e-05
3.401448065624922791e-05
3.181908569740808109e-05
3.289189184462216071e-05
4.316082873379956195e-05
3.433424363578762445e-05
2.578333054050966348e-05
2.731912007661739837e-05
2.232768178085074389e-05
3.555907610122322642e-05
2.871945322031965264e-05
3.485412947816353765e-05
3.254697463019764998e-05
2.932230574420731058e-05
2.956093864832491397e-05
3.128648181079018357e-05
1.617428835539645344e-05
2.787809797269922803e-05
2.676399399589067063e-05
3.561648264849256236e-05
3.158271811578976398e-05
3.326363760739805555e-05
2.848976406343936714e-05
3.642953319791362326e-05
2.417463795379185351e-05
3.465797268379038862e-05
2.640402262221607139e-05
3.414549470610760064e-05
3.715100698926405022e-05
3.162469113412742089e-05
3.246325027723450833e-05
